# Lagrangian Shock Diagnostics
# Jones et al. (2018) Ta validation
# Col 1: time (s)
# Col 2: free-surface velocity (m/s)
# Col 3: max pressure (Pa)
# Col 4: min pressure (Pa)
# Col 5: timestep (s)
1.00000000e-11  0.00000000e+00  0.00000000e+00  0.00000000e+00  1.00000000e-11
1.10000000e-10  0.00000000e+00  1.65448027e+09  0.00000000e+00  1.00000000e-11
2.20000000e-10  0.00000000e+00  2.65663330e+09  0.00000000e+00  1.00000000e-11
3.20000000e-10  0.00000000e+00  3.02923908e+09  0.00000000e+00  1.00000000e-11
4.20000000e-10  0.00000000e+00  3.67541716e+09  0.00000000e+00  1.00000000e-11
5.30000000e-10  0.00000000e+00  4.68607766e+09  0.00000000e+00  1.00000000e-11
6.40000000e-10  0.00000000e+00  5.37206909e+09  0.00000000e+00  1.00000000e-11
7.50000000e-10  0.00000000e+00  5.75786252e+09  0.00000000e+00  1.00000000e-11
8.60000000e-10  0.00000000e+00  5.92251122e+09  0.00000000e+00  1.00000000e-11
9.70000000e-10  0.00000000e+00  5.95418818e+09  0.00000000e+00  1.00000000e-11
1.08000000e-09  0.00000000e+00  5.91941700e+09  0.00000000e+00  1.00000000e-11
1.19000000e-09  0.00000000e+00  5.85580702e+09  0.00000000e+00  1.00000000e-11
1.30000000e-09  0.00000000e+00  5.84508244e+09  0.00000000e+00  1.00000000e-11
1.41000000e-09  0.00000000e+00  5.87187571e+09  0.00000000e+00  1.00000000e-11
1.52000000e-09  0.00000000e+00  5.85768108e+09  0.00000000e+00  1.00000000e-11
1.63000000e-09  0.00000000e+00  5.82079506e+09  0.00000000e+00  1.00000000e-11
1.74000000e-09  0.00000000e+00  5.81023594e+09  0.00000000e+00  1.00000000e-11
1.85000000e-09  0.00000000e+00  5.82519946e+09  0.00000000e+00  1.00000000e-11
1.95000000e-09  0.00000000e+00  5.81784962e+09  0.00000000e+00  1.00000000e-11
2.05000000e-09  0.00000000e+00  5.79819114e+09  0.00000000e+00  1.00000000e-11
2.15000000e-09  0.00000000e+00  5.78370734e+09  0.00000000e+00  1.00000000e-11
2.25000000e-09  0.00000000e+00  5.79630439e+09  0.00000000e+00  1.00000000e-11
2.35000000e-09  0.00000000e+00  5.79517293e+09  0.00000000e+00  1.00000000e-11
2.45000000e-09  0.00000000e+00  5.78530995e+09  0.00000000e+00  1.00000000e-11
2.55000000e-09  0.00000000e+00  5.77172397e+09  0.00000000e+00  1.00000000e-11
2.65000000e-09  0.00000000e+00  5.77816619e+09  0.00000000e+00  1.00000000e-11
2.75000000e-09  0.00000000e+00  5.77998346e+09  0.00000000e+00  1.00000000e-11
2.85000000e-09  0.00000000e+00  5.77585240e+09  0.00000000e+00  1.00000000e-11
2.95000000e-09  0.00000000e+00  5.76860157e+09  0.00000000e+00  1.00000000e-11
3.05000000e-09  0.00000000e+00  5.76701412e+09  0.00000000e+00  1.00000000e-11
3.15000000e-09  0.00000000e+00  5.77019256e+09  0.00000000e+00  1.00000000e-11
3.25000000e-09  0.00000000e+00  5.76924335e+09  0.00000000e+00  1.00000000e-11
3.35000000e-09  0.00000000e+00  5.76596032e+09  0.00000000e+00  1.00000000e-11
3.45000000e-09  0.00000000e+00  5.76216115e+09  0.00000000e+00  1.00000000e-11
3.55000000e-09  0.00000000e+00  5.76410395e+09  0.00000000e+00  1.00000000e-11
3.65000000e-09  0.00000000e+00  5.76477564e+09  0.00000000e+00  1.00000000e-11
3.75000000e-09  0.00000000e+00  5.76380029e+09  0.00000000e+00  1.00000000e-11
3.86000000e-09  0.00000000e+00  5.76198757e+09  0.00000000e+00  1.00000000e-11
3.97000000e-09  0.00000000e+00  5.76158122e+09  0.00000000e+00  1.00000000e-11
4.08000000e-09  0.00000000e+00  5.76207505e+09  0.00000000e+00  1.00000000e-11
4.19000000e-09  0.00000000e+00  5.76208956e+09  0.00000000e+00  1.00000000e-11
4.30000000e-09  0.00000000e+00  5.76218610e+09  0.00000000e+00  1.00000000e-11
4.41000000e-09  0.00000000e+00  5.76226644e+09  0.00000000e+00  1.00000000e-11
4.52000000e-09  0.00000000e+00  5.76236167e+09  0.00000000e+00  1.00000000e-11
4.63000000e-09  0.00000000e+00  5.76247272e+09  0.00000000e+00  1.00000000e-11
4.74000000e-09  0.00000000e+00  5.76258962e+09  0.00000000e+00  1.00000000e-11
4.85000000e-09  0.00000000e+00  5.76270359e+09  0.00000000e+00  1.00000000e-11
4.96000000e-09  0.00000000e+00  5.76281046e+09  0.00000000e+00  1.00000000e-11
5.07000000e-09  0.00000000e+00  5.76290958e+09  0.00000000e+00  1.00000000e-11
5.18000000e-09  0.00000000e+00  5.76300177e+09  0.00000000e+00  1.00000000e-11
5.29000000e-09  0.00000000e+00  5.76308799e+09  0.00000000e+00  1.00000000e-11
5.40000000e-09  0.00000000e+00  5.76316885e+09  0.00000000e+00  1.00000000e-11
5.51000000e-09  0.00000000e+00  5.76324472e+09  0.00000000e+00  1.00000000e-11
5.62000000e-09  0.00000000e+00  5.76331593e+09  0.00000000e+00  1.00000000e-11
5.73000000e-09  0.00000000e+00  5.76338275e+09  0.00000000e+00  1.00000000e-11
5.84000000e-09  0.00000000e+00  5.76344543e+09  0.00000000e+00  1.00000000e-11
5.95000000e-09  0.00000000e+00  5.76350412e+09  0.00000000e+00  1.00000000e-11
6.06000000e-09  0.00000000e+00  5.76355889e+09  0.00000000e+00  1.00000000e-11
6.17000000e-09  0.00000000e+00  5.76360974e+09  0.00000000e+00  1.00000000e-11
6.28000000e-09  0.00000000e+00  5.76365669e+09  0.00000000e+00  1.00000000e-11
6.39000000e-09  0.00000000e+00  5.76369977e+09  0.00000000e+00  1.00000000e-11
6.50000000e-09  0.00000000e+00  5.76373910e+09  0.00000000e+00  1.00000000e-11
6.61000000e-09  0.00000000e+00  5.76377480e+09  0.00000000e+00  1.00000000e-11
6.72000000e-09  0.00000000e+00  5.76380702e+09  0.00000000e+00  1.00000000e-11
6.83000000e-09  0.00000000e+00  5.76383593e+09  0.00000000e+00  1.00000000e-11
6.94000000e-09  0.00000000e+00  5.76386169e+09  0.00000000e+00  1.00000000e-11
7.05000000e-09  0.00000000e+00  5.76388446e+09  0.00000000e+00  1.00000000e-11
7.16000000e-09  0.00000000e+00  5.76390442e+09  0.00000000e+00  1.00000000e-11
7.27000000e-09  0.00000000e+00  5.76392178e+09  0.00000000e+00  1.00000000e-11
7.38000000e-09  0.00000000e+00  5.76393673e+09  0.00000000e+00  1.00000000e-11
7.49000000e-09  0.00000000e+00  5.76394948e+09  0.00000000e+00  1.00000000e-11
7.60000000e-09  0.00000000e+00  5.76396022e+09  0.00000000e+00  1.00000000e-11
7.71000000e-09  0.00000000e+00  5.76396912e+09  0.00000000e+00  1.00000000e-11
7.82000000e-09  0.00000000e+00  5.76397633e+09  0.00000000e+00  1.00000000e-11
7.93000000e-09  0.00000000e+00  5.76398198e+09  0.00000000e+00  1.00000000e-11
8.04000000e-09  0.00000000e+00  5.76398619e+09  0.00000000e+00  1.00000000e-11
8.15000000e-09  0.00000000e+00  5.76398904e+09  0.00000000e+00  1.00000000e-11
8.26000000e-09  0.00000000e+00  5.76399070e+09  0.00000000e+00  1.00000000e-11
8.37000000e-09  0.00000000e+00  5.76399137e+09  0.00000000e+00  1.00000000e-11
8.48000000e-09  0.00000000e+00  5.76399112e+09  0.00000000e+00  1.00000000e-11
8.59000000e-09  0.00000000e+00  5.76398969e+09  0.00000000e+00  1.00000000e-11
8.70000000e-09  0.00000000e+00  5.76398683e+09  0.00000000e+00  1.00000000e-11
8.81000000e-09  0.00000000e+00  5.76398256e+09  0.00000000e+00  1.00000000e-11
8.92000000e-09  0.00000000e+00  5.76397728e+09  0.00000000e+00  1.00000000e-11
9.03000000e-09  0.00000000e+00  5.76397157e+09  0.00000000e+00  1.00000000e-11
9.14000000e-09  0.00000000e+00  5.76396592e+09  0.00000000e+00  1.00000000e-11
9.25000000e-09  0.00000000e+00  5.76396052e+09  0.00000000e+00  1.00000000e-11
9.36000000e-09  0.00000000e+00  5.76395527e+09  0.00000000e+00  1.00000000e-11
9.47000000e-09  0.00000000e+00  5.76394989e+09  0.00000000e+00  1.00000000e-11
9.58000000e-09  0.00000000e+00  5.76394415e+09  0.00000000e+00  1.00000000e-11
9.69000000e-09  0.00000000e+00  5.76393802e+09  0.00000000e+00  1.00000000e-11
9.80000000e-09  0.00000000e+00  5.76393163e+09  0.00000000e+00  1.00000000e-11
9.91000000e-09  0.00000000e+00  5.76392524e+09  0.00000000e+00  1.00000000e-11
1.00200000e-08  0.00000000e+00  5.76391906e+09  0.00000000e+00  1.00000000e-11
1.01300000e-08  0.00000000e+00  5.76391315e+09  0.00000000e+00  1.00000000e-11
1.02400000e-08  0.00000000e+00  5.76390743e+09  0.00000000e+00  1.00000000e-11
1.03500000e-08  0.00000000e+00  5.76390172e+09  0.00000000e+00  1.00000000e-11
1.04600000e-08  0.00000000e+00  5.76389590e+09  0.00000000e+00  1.00000000e-11
1.05700000e-08  0.00000000e+00  5.76388994e+09  0.00000000e+00  1.00000000e-11
1.06800000e-08  0.00000000e+00  5.76388431e+09  0.00000000e+00  1.00000000e-11
1.07900000e-08  0.00000000e+00  5.76387902e+09  0.00000000e+00  1.00000000e-11
1.09000000e-08  0.00000000e+00  5.76387501e+09  0.00000000e+00  1.00000000e-11
1.10100000e-08  0.00000000e+00  5.76387113e+09  0.00000000e+00  1.00000000e-11
1.11200000e-08  0.00000000e+00  5.76386561e+09  0.00000000e+00  1.00000000e-11
1.12300000e-08  0.00000000e+00  5.76386261e+09  0.00000000e+00  1.00000000e-11
1.13400000e-08  0.00000000e+00  5.76385844e+09  0.00000000e+00  1.00000000e-11
1.14500000e-08  0.00000000e+00  5.76385337e+09  0.00000000e+00  1.00000000e-11
1.15600000e-08  0.00000000e+00  5.76385068e+09  0.00000000e+00  1.00000000e-11
1.16700000e-08  0.00000000e+00  5.76384621e+09  0.00000000e+00  1.00000000e-11
1.17800000e-08  0.00000000e+00  5.76384218e+09  0.00000000e+00  1.00000000e-11
1.18900000e-08  0.00000000e+00  5.76383918e+09  0.00000000e+00  1.00000000e-11
1.20000000e-08  0.00000000e+00  5.76383438e+09  0.00000000e+00  1.00000000e-11
1.21100000e-08  0.00000000e+00  5.76383140e+09  0.00000000e+00  1.00000000e-11
1.22200000e-08  0.00000000e+00  5.76382804e+09  0.00000000e+00  1.00000000e-11
1.23300000e-08  0.00000000e+00  5.76382297e+09  0.00000000e+00  1.00000000e-11
1.24400000e-08  0.00000000e+00  5.76382098e+09  0.00000000e+00  1.00000000e-11
1.25500000e-08  0.00000000e+00  5.76381724e+09  0.00000000e+00  1.00000000e-11
1.26600000e-08  0.00000000e+00  5.76381320e+09  0.00000000e+00  1.00000000e-11
1.27700000e-08  0.00000000e+00  5.76381086e+09  0.00000000e+00  1.00000000e-11
1.28800000e-08  0.00000000e+00  5.76380674e+09  0.00000000e+00  1.00000000e-11
1.29900000e-08  0.00000000e+00  5.76380374e+09  0.00000000e+00  1.00000000e-11
1.31000000e-08  0.00000000e+00  5.76380102e+09  0.00000000e+00  1.00000000e-11
1.32100000e-08  0.00000000e+00  5.76379651e+09  0.00000000e+00  1.00000000e-11
1.33200000e-08  0.00000000e+00  5.76379455e+09  0.00000000e+00  1.00000000e-11
1.34300000e-08  0.00000000e+00  5.76379143e+09  0.00000000e+00  1.00000000e-11
1.35400000e-08  0.00000000e+00  5.76378744e+09  0.00000000e+00  1.00000000e-11
1.36500000e-08  0.00000000e+00  5.76378559e+09  0.00000000e+00  1.00000000e-11
1.37600000e-08  0.00000000e+00  5.76378204e+09  0.00000000e+00  1.00000000e-11
1.38700000e-08  0.00000000e+00  5.76377907e+09  0.00000000e+00  1.00000000e-11
1.39800000e-08  0.00000000e+00  5.76377683e+09  0.00000000e+00  1.00000000e-11
1.40900000e-08  0.00000000e+00  5.76377284e+09  0.00000000e+00  1.00000000e-11
1.42000000e-08  0.00000000e+00  5.76377089e+09  0.00000000e+00  1.00000000e-11
1.43100000e-08  0.00000000e+00  5.76376823e+09  0.00000000e+00  1.00000000e-11
1.44200000e-08  0.00000000e+00  5.76376437e+09  0.00000000e+00  1.00000000e-11
1.45300000e-08  0.00000000e+00  5.76376288e+09  0.00000000e+00  1.00000000e-11
1.46400000e-08  0.00000000e+00  5.76375978e+09  0.00000000e+00  1.00000000e-11
1.47500000e-08  0.00000000e+00  5.76375689e+09  0.00000000e+00  1.00000000e-11
1.48600000e-08  0.00000000e+00  5.76375501e+09  0.00000000e+00  1.00000000e-11
1.49600000e-08  0.00000000e+00  5.76375185e+09  0.00000000e+00  1.00000000e-11
1.50600000e-08  0.00000000e+00  5.76374981e+09  0.00000000e+00  1.00000000e-11
1.51600000e-08  0.00000000e+00  5.76374805e+09  0.00000000e+00  1.00000000e-11
1.52600000e-08  0.00000000e+00  5.76374490e+09  0.00000000e+00  1.00000000e-11
1.53600000e-08  0.00000000e+00  5.76374306e+09  0.00000000e+00  1.00000000e-11
1.54600000e-08  0.00000000e+00  5.76374130e+09  0.00000000e+00  1.00000000e-11
1.55600000e-08  0.00000000e+00  5.76373816e+09  0.00000000e+00  1.00000000e-11
1.56600000e-08  0.00000000e+00  5.76373653e+09  0.00000000e+00  1.00000000e-11
1.57600000e-08  0.00000000e+00  5.76373476e+09  0.00000000e+00  1.00000000e-11
1.58600000e-08  0.00000000e+00  5.76373161e+09  0.00000000e+00  1.00000000e-11
1.59600000e-08  0.00000000e+00  5.76373019e+09  0.00000000e+00  1.00000000e-11
1.60600000e-08  0.00000000e+00  5.76372842e+09  0.00000000e+00  1.00000000e-11
1.61600000e-08  0.00000000e+00  5.76372526e+09  0.00000000e+00  1.00000000e-11
1.62600000e-08  0.00000000e+00  5.76372405e+09  0.00000000e+00  1.00000000e-11
1.63600000e-08  0.00000000e+00  5.76372226e+09  0.00000000e+00  1.00000000e-11
1.64600000e-08  0.00000000e+00  5.76371909e+09  0.00000000e+00  1.00000000e-11
1.65600000e-08  0.00000000e+00  5.76371809e+09  0.00000000e+00  1.00000000e-11
1.66600000e-08  0.00000000e+00  5.76371627e+09  0.00000000e+00  1.00000000e-11
1.67600000e-08  0.00000000e+00  5.76371308e+09  0.00000000e+00  1.00000000e-11
1.68600000e-08  0.00000000e+00  5.76371230e+09  0.00000000e+00  1.00000000e-11
1.69600000e-08  0.00000000e+00  5.76371045e+09  0.00000000e+00  1.00000000e-11
1.70600000e-08  0.00000000e+00  5.76370744e+09  0.00000000e+00  1.00000000e-11
1.71600000e-08  0.00000000e+00  5.76370666e+09  0.00000000e+00  1.00000000e-11
1.72600000e-08  0.00000000e+00  5.76370479e+09  0.00000000e+00  1.00000000e-11
1.73600000e-08  0.00000000e+00  5.76370199e+09  0.00000000e+00  1.00000000e-11
1.74600000e-08  0.00000000e+00  5.76370118e+09  0.00000000e+00  1.00000000e-11
1.75600000e-08  0.00000000e+00  5.76369928e+09  0.00000000e+00  1.00000000e-11
1.76600000e-08  0.00000000e+00  5.76369669e+09  0.00000000e+00  1.00000000e-11
1.77600000e-08  0.00000000e+00  5.76369585e+09  0.00000000e+00  1.00000000e-11
1.78600000e-08  0.00000000e+00  5.76369390e+09  0.00000000e+00  1.00000000e-11
1.79600000e-08  0.00000000e+00  5.76369153e+09  0.00000000e+00  1.00000000e-11
1.80600000e-08  0.00000000e+00  5.76369065e+09  0.00000000e+00  1.00000000e-11
1.81600000e-08  0.00000000e+00  5.76368866e+09  0.00000000e+00  1.00000000e-11
1.82600000e-08  0.00000000e+00  5.76368650e+09  0.00000000e+00  1.00000000e-11
1.83600000e-08  0.00000000e+00  5.76368559e+09  0.00000000e+00  1.00000000e-11
1.84600000e-08  0.00000000e+00  5.76368355e+09  0.00000000e+00  1.00000000e-11
1.85600000e-08  0.00000000e+00  5.76368160e+09  0.00000000e+00  1.00000000e-11
1.86600000e-08  0.00000000e+00  5.76368064e+09  0.00000000e+00  1.00000000e-11
1.87600000e-08  0.00000000e+00  5.76367856e+09  0.00000000e+00  1.00000000e-11
1.88600000e-08  0.00000000e+00  5.76367682e+09  0.00000000e+00  1.00000000e-11
1.89600000e-08  0.00000000e+00  5.76367582e+09  0.00000000e+00  1.00000000e-11
1.90600000e-08  0.00000000e+00  5.76367368e+09  0.00000000e+00  1.00000000e-11
1.91600000e-08  0.00000000e+00  5.76367215e+09  0.00000000e+00  1.00000000e-11
1.92600000e-08  0.00000000e+00  5.76367111e+09  0.00000000e+00  1.00000000e-11
1.93600000e-08  0.00000000e+00  5.76366891e+09  0.00000000e+00  1.00000000e-11
1.94600000e-08  0.00000000e+00  5.76366760e+09  0.00000000e+00  1.00000000e-11
1.95600000e-08  0.00000000e+00  5.76366650e+09  0.00000000e+00  1.00000000e-11
1.96600000e-08  0.00000000e+00  5.76366425e+09  0.00000000e+00  1.00000000e-11
1.97600000e-08  0.00000000e+00  5.76366315e+09  0.00000000e+00  1.00000000e-11
1.98600000e-08  0.00000000e+00  5.76366200e+09  0.00000000e+00  1.00000000e-11
1.99600000e-08  0.00000000e+00  5.76365968e+09  0.00000000e+00  1.00000000e-11
2.00600000e-08  0.00000000e+00  5.76365880e+09  0.00000000e+00  1.00000000e-11
2.01600000e-08  0.00000000e+00  5.76365759e+09  0.00000000e+00  1.00000000e-11
2.02600000e-08  0.00000000e+00  5.76365521e+09  0.00000000e+00  1.00000000e-11
2.03600000e-08  0.00000000e+00  5.76365454e+09  0.00000000e+00  1.00000000e-11
2.04600000e-08  0.00000000e+00  5.76365328e+09  0.00000000e+00  1.00000000e-11
2.05600000e-08  0.00000000e+00  5.76365082e+09  0.00000000e+00  1.00000000e-11
2.06600000e-08  0.00000000e+00  5.76365038e+09  0.00000000e+00  1.00000000e-11
2.07600000e-08  0.00000000e+00  5.76364905e+09  0.00000000e+00  1.00000000e-11
2.08600000e-08  0.00000000e+00  5.76364678e+09  0.00000000e+00  1.00000000e-11
2.09600000e-08  0.00000000e+00  5.76364630e+09  0.00000000e+00  1.00000000e-11
2.10600000e-08  0.00000000e+00  5.76364491e+09  0.00000000e+00  1.00000000e-11
2.11600000e-08  0.00000000e+00  5.76364283e+09  0.00000000e+00  1.00000000e-11
2.12600000e-08  0.00000000e+00  5.76364230e+09  0.00000000e+00  1.00000000e-11
2.13600000e-08  0.00000000e+00  5.76364085e+09  0.00000000e+00  1.00000000e-11
2.14600000e-08  0.00000000e+00  5.76363896e+09  0.00000000e+00  1.00000000e-11
2.15600000e-08  0.00000000e+00  5.76363838e+09  0.00000000e+00  1.00000000e-11
2.16600000e-08  0.00000000e+00  5.76363687e+09  0.00000000e+00  1.00000000e-11
2.17600000e-08  0.00000000e+00  5.76363517e+09  0.00000000e+00  1.00000000e-11
2.18600000e-08  0.00000000e+00  5.76363454e+09  0.00000000e+00  1.00000000e-11
2.19600000e-08  0.00000000e+00  5.76363295e+09  0.00000000e+00  1.00000000e-11
2.20600000e-08  0.00000000e+00  5.76363146e+09  0.00000000e+00  1.00000000e-11
2.21600000e-08  0.00000000e+00  5.76363077e+09  0.00000000e+00  1.00000000e-11
2.22600000e-08  0.00000000e+00  5.76362911e+09  0.00000000e+00  1.00000000e-11
2.23600000e-08  0.00000000e+00  5.76362782e+09  0.00000000e+00  1.00000000e-11
2.24600000e-08  0.00000000e+00  5.76362707e+09  0.00000000e+00  1.00000000e-11
2.25600000e-08  0.00000000e+00  5.76362533e+09  0.00000000e+00  1.00000000e-11
2.26600000e-08  0.00000000e+00  5.76362424e+09  0.00000000e+00  1.00000000e-11
2.27600000e-08  0.00000000e+00  5.76362344e+09  0.00000000e+00  1.00000000e-11
2.28600000e-08  0.00000000e+00  5.76362162e+09  0.00000000e+00  1.00000000e-11
2.29600000e-08  0.00000000e+00  5.76362073e+09  0.00000000e+00  1.00000000e-11
2.30600000e-08  0.00000000e+00  5.76361987e+09  0.00000000e+00  1.00000000e-11
2.31600000e-08  0.00000000e+00  5.76361797e+09  0.00000000e+00  1.00000000e-11
2.32600000e-08  0.00000000e+00  5.76361729e+09  0.00000000e+00  1.00000000e-11
2.33600000e-08  0.00000000e+00  5.76361636e+09  0.00000000e+00  1.00000000e-11
2.34600000e-08  0.00000000e+00  5.76361437e+09  0.00000000e+00  1.00000000e-11
2.35600000e-08  0.00000000e+00  5.76361390e+09  0.00000000e+00  1.00000000e-11
2.36600000e-08  0.00000000e+00  5.76361290e+09  0.00000000e+00  1.00000000e-11
2.37600000e-08  0.00000000e+00  5.76361086e+09  0.00000000e+00  1.00000000e-11
2.38600000e-08  0.00000000e+00  5.76361057e+09  0.00000000e+00  1.00000000e-11
2.39600000e-08  0.00000000e+00  5.76360951e+09  0.00000000e+00  1.00000000e-11
2.40600000e-08  0.00000000e+00  5.76360764e+09  0.00000000e+00  1.00000000e-11
2.41600000e-08  0.00000000e+00  5.76360730e+09  0.00000000e+00  1.00000000e-11
2.42600000e-08  0.00000000e+00  5.76360616e+09  0.00000000e+00  1.00000000e-11
2.43600000e-08  0.00000000e+00  5.76360447e+09  0.00000000e+00  1.00000000e-11
2.44600000e-08  0.00000000e+00  5.76360408e+09  0.00000000e+00  1.00000000e-11
2.45600000e-08  0.00000000e+00  5.76360286e+09  0.00000000e+00  1.00000000e-11
2.46600000e-08  0.00000000e+00  5.76360135e+09  0.00000000e+00  1.00000000e-11
2.47600000e-08  0.00000000e+00  5.76360091e+09  0.00000000e+00  1.00000000e-11
2.48600000e-08  0.00000000e+00  5.76359962e+09  0.00000000e+00  1.00000000e-11
2.49600000e-08  0.00000000e+00  5.76359828e+09  0.00000000e+00  1.00000000e-11
2.50600000e-08  0.00000000e+00  5.76359778e+09  0.00000000e+00  1.00000000e-11
2.51600000e-08  0.00000000e+00  5.76359641e+09  0.00000000e+00  1.00000000e-11
2.52600000e-08  0.00000000e+00  5.76359526e+09  0.00000000e+00  1.00000000e-11
2.53600000e-08  0.00000000e+00  5.76359471e+09  0.00000000e+00  1.00000000e-11
2.54600000e-08  0.00000000e+00  5.76359325e+09  0.00000000e+00  1.00000000e-11
2.55600000e-08  0.00000000e+00  5.76359229e+09  0.00000000e+00  1.00000000e-11
2.56600000e-08  0.00000000e+00  5.76359167e+09  0.00000000e+00  1.00000000e-11
2.57600000e-08  0.00000000e+00  5.76359014e+09  0.00000000e+00  1.00000000e-11
2.58600000e-08  0.00000000e+00  5.76358937e+09  0.00000000e+00  1.00000000e-11
2.59600000e-08  0.00000000e+00  5.76358868e+09  0.00000000e+00  1.00000000e-11
2.60600000e-08  0.00000000e+00  5.76358706e+09  0.00000000e+00  1.00000000e-11
2.61600000e-08  0.00000000e+00  5.76358648e+09  0.00000000e+00  1.00000000e-11
2.62600000e-08  0.00000000e+00  5.76358573e+09  0.00000000e+00  1.00000000e-11
2.63600000e-08  0.00000000e+00  5.76358402e+09  0.00000000e+00  1.00000000e-11
2.64600000e-08  0.00000000e+00  5.76358364e+09  0.00000000e+00  1.00000000e-11
2.65600000e-08  0.00000000e+00  5.76358282e+09  0.00000000e+00  1.00000000e-11
2.66600000e-08  0.00000000e+00  5.76358102e+09  0.00000000e+00  1.00000000e-11
2.67600000e-08  0.00000000e+00  5.76358083e+09  0.00000000e+00  1.00000000e-11
2.68600000e-08  0.00000000e+00  5.76357995e+09  0.00000000e+00  1.00000000e-11
2.69600000e-08  0.00000000e+00  5.76357830e+09  0.00000000e+00  1.00000000e-11
2.70600000e-08  0.00000000e+00  5.76357806e+09  0.00000000e+00  1.00000000e-11
2.71600000e-08  0.00000000e+00  5.76357711e+09  0.00000000e+00  1.00000000e-11
2.72600000e-08  0.00000000e+00  5.76357562e+09  0.00000000e+00  1.00000000e-11
2.73600000e-08  0.00000000e+00  5.76357533e+09  0.00000000e+00  1.00000000e-11
2.74600000e-08  0.00000000e+00  5.76357430e+09  0.00000000e+00  1.00000000e-11
2.75600000e-08  0.00000000e+00  5.76357297e+09  0.00000000e+00  1.00000000e-11
2.76600000e-08  0.00000000e+00  5.76357263e+09  0.00000000e+00  1.00000000e-11
2.77600000e-08  0.00000000e+00  5.76357152e+09  0.00000000e+00  1.00000000e-11
2.78600000e-08  0.00000000e+00  5.76357036e+09  0.00000000e+00  1.00000000e-11
2.79600000e-08  0.00000000e+00  5.76356997e+09  0.00000000e+00  1.00000000e-11
2.80600000e-08  0.00000000e+00  5.76356878e+09  0.00000000e+00  1.00000000e-11
2.81600000e-08  0.00000000e+00  5.76356778e+09  0.00000000e+00  1.00000000e-11
2.82600000e-08  0.00000000e+00  5.76356733e+09  0.00000000e+00  1.00000000e-11
2.83600000e-08  0.00000000e+00  5.76356607e+09  0.00000000e+00  1.00000000e-11
2.84600000e-08  0.00000000e+00  5.76356523e+09  0.00000000e+00  1.00000000e-11
2.85600000e-08  0.00000000e+00  5.76356473e+09  0.00000000e+00  1.00000000e-11
2.86600000e-08  0.00000000e+00  5.76356338e+09  0.00000000e+00  1.00000000e-11
2.87600000e-08  0.00000000e+00  5.76356272e+09  0.00000000e+00  1.00000000e-11
2.88600000e-08  0.00000000e+00  5.76356216e+09  0.00000000e+00  1.00000000e-11
2.89600000e-08  0.00000000e+00  5.76356072e+09  0.00000000e+00  1.00000000e-11
2.90600000e-08  0.00000000e+00  5.76356023e+09  0.00000000e+00  1.00000000e-11
2.91600000e-08  0.00000000e+00  5.76355961e+09  0.00000000e+00  1.00000000e-11
2.92600000e-08  0.00000000e+00  5.76355808e+09  0.00000000e+00  1.00000000e-11
2.93600000e-08  0.00000000e+00  5.76355777e+09  0.00000000e+00  1.00000000e-11
2.94600000e-08  0.00000000e+00  5.76355708e+09  0.00000000e+00  1.00000000e-11
2.95600000e-08  0.00000000e+00  5.76355547e+09  0.00000000e+00  1.00000000e-11
2.96600000e-08  0.00000000e+00  5.76355533e+09  0.00000000e+00  1.00000000e-11
2.97600000e-08  0.00000000e+00  5.76355459e+09  0.00000000e+00  1.00000000e-11
2.98700000e-08  0.00000000e+00  5.76355308e+09  0.00000000e+00  1.00000000e-11
2.99800000e-08  0.00000000e+00  5.76355283e+09  0.00000000e+00  1.00000000e-11
3.00900000e-08  0.00000000e+00  5.76355169e+09  0.00000000e+00  1.00000000e-11
3.02000000e-08  0.00000000e+00  5.76355072e+09  0.00000000e+00  1.00000000e-11
3.03100000e-08  0.00000000e+00  5.76355021e+09  0.00000000e+00  1.00000000e-11
3.04200000e-08  0.00000000e+00  5.76354867e+09  0.00000000e+00  1.00000000e-11
3.05300000e-08  0.00000000e+00  5.76354831e+09  0.00000000e+00  1.00000000e-11
3.06400000e-08  0.00000000e+00  5.76354749e+09  0.00000000e+00  1.00000000e-11
3.07500000e-08  0.00000000e+00  5.76354611e+09  0.00000000e+00  1.00000000e-11
3.08600000e-08  0.00000000e+00  5.76354584e+09  0.00000000e+00  1.00000000e-11
3.09700000e-08  0.00000000e+00  5.76354467e+09  0.00000000e+00  1.00000000e-11
3.10800000e-08  0.00000000e+00  5.76354382e+09  0.00000000e+00  1.00000000e-11
3.11900000e-08  0.00000000e+00  5.76354329e+09  0.00000000e+00  1.00000000e-11
3.13000000e-08  0.00000000e+00  5.76354171e+09  0.00000000e+00  1.00000000e-11
3.14100000e-08  0.00000000e+00  5.76354148e+09  0.00000000e+00  1.00000000e-11
3.15200000e-08  0.00000000e+00  5.76354064e+09  0.00000000e+00  1.00000000e-11
3.16300000e-08  0.00000000e+00  5.76353936e+09  0.00000000e+00  1.00000000e-11
3.17400000e-08  0.00000000e+00  5.76353908e+09  0.00000000e+00  1.00000000e-11
3.18500000e-08  0.00000000e+00  5.76353788e+09  0.00000000e+00  1.00000000e-11
3.19600000e-08  0.00000000e+00  5.76353714e+09  0.00000000e+00  1.00000000e-11
3.20700000e-08  0.00000000e+00  5.76353659e+09  0.00000000e+00  1.00000000e-11
3.21800000e-08  0.00000000e+00  5.76353499e+09  0.00000000e+00  1.00000000e-11
3.22900000e-08  0.00000000e+00  5.76353486e+09  0.00000000e+00  1.00000000e-11
3.24000000e-08  0.00000000e+00  5.76353401e+09  0.00000000e+00  1.00000000e-11
3.25100000e-08  0.00000000e+00  5.76353281e+09  0.00000000e+00  1.00000000e-11
3.26200000e-08  0.00000000e+00  5.76353252e+09  0.00000000e+00  1.00000000e-11
3.27300000e-08  0.00000000e+00  5.76353131e+09  0.00000000e+00  1.00000000e-11
3.28400000e-08  0.00000000e+00  5.76353064e+09  0.00000000e+00  1.00000000e-11
3.29500000e-08  0.00000000e+00  5.76353009e+09  0.00000000e+00  1.00000000e-11
3.30600000e-08  0.00000000e+00  5.76352848e+09  0.00000000e+00  1.00000000e-11
3.31700000e-08  0.00000000e+00  5.76352842e+09  0.00000000e+00  1.00000000e-11
3.32800000e-08  0.00000000e+00  5.76352757e+09  0.00000000e+00  1.00000000e-11
3.33900000e-08  0.00000000e+00  5.76352641e+09  0.00000000e+00  1.00000000e-11
3.35000000e-08  0.00000000e+00  5.76352614e+09  0.00000000e+00  1.00000000e-11
3.36100000e-08  0.00000000e+00  5.76352493e+09  0.00000000e+00  1.00000000e-11
3.37200000e-08  0.00000000e+00  5.76352430e+09  0.00000000e+00  1.00000000e-11
3.38300000e-08  0.00000000e+00  5.76352377e+09  0.00000000e+00  1.00000000e-11
3.39400000e-08  0.00000000e+00  5.76352218e+09  0.00000000e+00  1.00000000e-11
3.40500000e-08  0.00000000e+00  5.76352214e+09  0.00000000e+00  1.00000000e-11
3.41600000e-08  0.00000000e+00  5.76352130e+09  0.00000000e+00  1.00000000e-11
3.42700000e-08  0.00000000e+00  5.76352016e+09  0.00000000e+00  1.00000000e-11
3.43800000e-08  0.00000000e+00  5.76351991e+09  0.00000000e+00  1.00000000e-11
3.44900000e-08  0.00000000e+00  5.76351872e+09  0.00000000e+00  1.00000000e-11
3.46000000e-08  0.00000000e+00  5.76351810e+09  0.00000000e+00  1.00000000e-11
3.47100000e-08  0.00000000e+00  5.76351759e+09  0.00000000e+00  1.00000000e-11
3.48200000e-08  0.00000000e+00  5.76351601e+09  0.00000000e+00  1.00000000e-11
3.49300000e-08  0.00000000e+00  5.76351599e+09  0.00000000e+00  1.00000000e-11
3.50400000e-08  0.00000000e+00  5.76351518e+09  0.00000000e+00  1.00000000e-11
3.51500000e-08  0.00000000e+00  5.76351402e+09  0.00000000e+00  1.00000000e-11
3.52600000e-08  0.00000000e+00  5.76351381e+09  0.00000000e+00  1.00000000e-11
3.53700000e-08  0.00000000e+00  5.76351266e+09  0.00000000e+00  1.00000000e-11
3.54800000e-08  0.00000000e+00  5.76351201e+09  0.00000000e+00  1.00000000e-11
3.55900000e-08  0.00000000e+00  5.76351155e+09  0.00000000e+00  1.00000000e-11
3.57000000e-08  0.00000000e+00  5.76351001e+09  0.00000000e+00  1.00000000e-11
3.58100000e-08  0.00000000e+00  5.76350994e+09  0.00000000e+00  1.00000000e-11
3.59200000e-08  0.00000000e+00  5.76350920e+09  0.00000000e+00  1.00000000e-11
3.60300000e-08  0.00000000e+00  5.76350798e+09  0.00000000e+00  1.00000000e-11
3.61400000e-08  0.00000000e+00  5.76350782e+09  0.00000000e+00  1.00000000e-11
3.62500000e-08  0.00000000e+00  5.76350674e+09  0.00000000e+00  1.00000000e-11
3.63600000e-08  0.00000000e+00  5.76350601e+09  0.00000000e+00  1.00000000e-11
3.64700000e-08  0.00000000e+00  5.76350562e+09  0.00000000e+00  1.00000000e-11
3.65800000e-08  0.00000000e+00  5.76350415e+09  0.00000000e+00  1.00000000e-11
3.66900000e-08  0.00000000e+00  5.76350399e+09  0.00000000e+00  1.00000000e-11
3.68000000e-08  0.00000000e+00  5.76350332e+09  0.00000000e+00  1.00000000e-11
3.69100000e-08  0.00000000e+00  5.76350201e+09  0.00000000e+00  1.00000000e-11
3.70200000e-08  0.00000000e+00  5.76350192e+09  0.00000000e+00  1.00000000e-11
3.71300000e-08  0.00000000e+00  5.76350093e+09  0.00000000e+00  1.00000000e-11
3.72400000e-08  0.00000000e+00  5.76350008e+09  0.00000000e+00  1.00000000e-11
3.73500000e-08  0.00000000e+00  5.76349977e+09  0.00000000e+00  1.00000000e-11
3.74600000e-08  0.00000000e+00  5.76349841e+09  0.00000000e+00  1.00000000e-11
3.75700000e-08  0.00000000e+00  5.76349811e+09  0.00000000e+00  1.00000000e-11
3.76800000e-08  0.00000000e+00  5.76349754e+09  0.00000000e+00  1.00000000e-11
3.77900000e-08  0.00000000e+00  5.76349609e+09  0.00000000e+00  1.00000000e-11
3.79000000e-08  0.00000000e+00  5.76349609e+09  0.00000000e+00  1.00000000e-11
3.80100000e-08  0.00000000e+00  5.76349521e+09  0.00000000e+00  1.00000000e-11
3.81200000e-08  0.00000000e+00  5.76349421e+09  0.00000000e+00  1.00000000e-11
3.82300000e-08  0.00000000e+00  5.76349400e+09  0.00000000e+00  1.00000000e-11
3.83400000e-08  0.00000000e+00  5.76349277e+09  0.00000000e+00  1.00000000e-11
3.84500000e-08  0.00000000e+00  5.76349229e+09  0.00000000e+00  1.00000000e-11
3.85600000e-08  0.00000000e+00  5.76349183e+09  0.00000000e+00  1.00000000e-11
3.86700000e-08  0.00000000e+00  5.76349022e+09  0.00000000e+00  1.00000000e-11
3.87800000e-08  0.00000000e+00  5.76349032e+09  0.00000000e+00  1.00000000e-11
3.88900000e-08  0.00000000e+00  5.76348957e+09  0.00000000e+00  1.00000000e-11
3.90000000e-08  0.00000000e+00  5.76348839e+09  0.00000000e+00  1.00000000e-11
3.91100000e-08  0.00000000e+00  5.76348829e+09  0.00000000e+00  1.00000000e-11
3.92200000e-08  0.00000000e+00  5.76348721e+09  0.00000000e+00  1.00000000e-11
3.93300000e-08  0.00000000e+00  5.76348651e+09  0.00000000e+00  1.00000000e-11
3.94400000e-08  0.00000000e+00  5.76348618e+09  0.00000000e+00  1.00000000e-11
3.95500000e-08  0.00000000e+00  5.76348474e+09  0.00000000e+00  1.00000000e-11
3.96600000e-08  0.00000000e+00  5.76348459e+09  0.00000000e+00  1.00000000e-11
3.97700000e-08  0.00000000e+00  5.76348400e+09  0.00000000e+00  1.00000000e-11
3.98800000e-08  0.00000000e+00  5.76348259e+09  0.00000000e+00  1.00000000e-11
3.99900000e-08  0.00000000e+00  5.76348262e+09  0.00000000e+00  1.00000000e-11
4.01000000e-08  0.00000000e+00  5.76348172e+09  0.00000000e+00  1.00000000e-11
4.02100000e-08  0.00000000e+00  5.76348076e+09  0.00000000e+00  1.00000000e-11
4.03200000e-08  0.00000000e+00  5.76348058e+09  0.00000000e+00  1.00000000e-11
4.04300000e-08  0.00000000e+00  5.76347934e+09  0.00000000e+00  1.00000000e-11
4.05400000e-08  0.00000000e+00  5.76347889e+09  0.00000000e+00  1.00000000e-11
4.06500000e-08  0.00000000e+00  5.76347846e+09  0.00000000e+00  1.00000000e-11
4.07600000e-08  0.00000000e+00  5.76347685e+09  0.00000000e+00  1.00000000e-11
4.08700000e-08  0.00000000e+00  5.76347697e+09  0.00000000e+00  1.00000000e-11
4.09800000e-08  0.00000000e+00  5.76347627e+09  0.00000000e+00  1.00000000e-11
4.10900000e-08  0.00000000e+00  5.76347503e+09  0.00000000e+00  1.00000000e-11
4.12000000e-08  0.00000000e+00  5.76347500e+09  0.00000000e+00  1.00000000e-11
4.13100000e-08  0.00000000e+00  5.76347398e+09  0.00000000e+00  1.00000000e-11
4.14200000e-08  0.00000000e+00  5.76347321e+09  0.00000000e+00  1.00000000e-11
4.15300000e-08  0.00000000e+00  5.76347296e+09  0.00000000e+00  1.00000000e-11
4.16400000e-08  0.00000000e+00  5.76347160e+09  0.00000000e+00  1.00000000e-11
4.17500000e-08  0.00000000e+00  5.76347135e+09  0.00000000e+00  1.00000000e-11
4.18600000e-08  0.00000000e+00  5.76347085e+09  0.00000000e+00  1.00000000e-11
4.19700000e-08  0.00000000e+00  5.76346932e+09  0.00000000e+00  1.00000000e-11
4.20800000e-08  0.00000000e+00  5.76346944e+09  0.00000000e+00  1.00000000e-11
4.21900000e-08  0.00000000e+00  5.76346866e+09  0.00000000e+00  1.00000000e-11
4.23000000e-08  0.00000000e+00  5.76346755e+09  0.00000000e+00  1.00000000e-11
4.24100000e-08  0.00000000e+00  5.76346748e+09  0.00000000e+00  1.00000000e-11
4.25200000e-08  0.00000000e+00  5.76346638e+09  0.00000000e+00  1.00000000e-11
4.26300000e-08  0.00000000e+00  5.76346575e+09  0.00000000e+00  1.00000000e-11
4.27400000e-08  0.00000000e+00  5.76346545e+09  0.00000000e+00  1.00000000e-11
4.28500000e-08  0.00000000e+00  5.76346400e+09  0.00000000e+00  1.00000000e-11
4.29600000e-08  0.00000000e+00  5.76346390e+09  0.00000000e+00  1.00000000e-11
4.30700000e-08  0.00000000e+00  5.76346336e+09  0.00000000e+00  1.00000000e-11
4.31800000e-08  0.00000000e+00  5.76346190e+09  0.00000000e+00  1.00000000e-11
4.32900000e-08  0.00000000e+00  5.76346201e+09  0.00000000e+00  1.00000000e-11
4.34000000e-08  0.00000000e+00  5.76346118e+09  0.00000000e+00  1.00000000e-11
4.35100000e-08  0.00000000e+00  5.76346015e+09  0.00000000e+00  1.00000000e-11
4.36200000e-08  0.00000000e+00  5.76346007e+09  0.00000000e+00  1.00000000e-11
4.37300000e-08  0.00000000e+00  5.76345893e+09  0.00000000e+00  1.00000000e-11
4.38400000e-08  0.00000000e+00  5.76345837e+09  0.00000000e+00  1.00000000e-11
4.39500000e-08  0.00000000e+00  5.76345806e+09  0.00000000e+00  1.00000000e-11
4.40600000e-08  0.00000000e+00  5.76345658e+09  0.00000000e+00  1.00000000e-11
4.41700000e-08  0.00000000e+00  5.76345655e+09  0.00000000e+00  1.00000000e-11
4.42800000e-08  0.00000000e+00  5.76345600e+09  0.00000000e+00  1.00000000e-11
4.43900000e-08  0.00000000e+00  5.76345457e+09  0.00000000e+00  1.00000000e-11
4.45000000e-08  0.00000000e+00  5.76345469e+09  0.00000000e+00  1.00000000e-11
4.46100000e-08  0.00000000e+00  5.76345386e+09  0.00000000e+00  1.00000000e-11
4.47200000e-08  0.00000000e+00  5.76345285e+09  0.00000000e+00  1.00000000e-11
4.48300000e-08  0.00000000e+00  5.76345277e+09  0.00000000e+00  1.00000000e-11
4.49400000e-08  0.00000000e+00  5.76345164e+09  0.00000000e+00  1.00000000e-11
4.50500000e-08  0.00000000e+00  5.76345110e+09  0.00000000e+00  1.00000000e-11
4.51600000e-08  0.00000000e+00  5.76345081e+09  0.00000000e+00  1.00000000e-11
4.52700000e-08  0.00000000e+00  5.76344934e+09  0.00000000e+00  1.00000000e-11
4.53800000e-08  0.00000000e+00  5.76344931e+09  0.00000000e+00  1.00000000e-11
4.54900000e-08  0.00000000e+00  5.76344878e+09  0.00000000e+00  1.00000000e-11
4.56000000e-08  0.00000000e+00  5.76344733e+09  0.00000000e+00  1.00000000e-11
4.57100000e-08  0.00000000e+00  5.76344748e+09  0.00000000e+00  1.00000000e-11
4.58200000e-08  0.00000000e+00  5.76344669e+09  0.00000000e+00  1.00000000e-11
4.59300000e-08  0.00000000e+00  5.76344565e+09  0.00000000e+00  1.00000000e-11
4.60400000e-08  0.00000000e+00  5.76344561e+09  0.00000000e+00  1.00000000e-11
4.61500000e-08  0.00000000e+00  5.76344453e+09  0.00000000e+00  1.00000000e-11
4.62600000e-08  0.00000000e+00  5.76344394e+09  0.00000000e+00  1.00000000e-11
4.63700000e-08  0.00000000e+00  5.76344369e+09  0.00000000e+00  1.00000000e-11
4.64800000e-08  0.00000000e+00  5.76344229e+09  0.00000000e+00  1.00000000e-11
4.65900000e-08  0.00000000e+00  5.76344219e+09  0.00000000e+00  1.00000000e-11
4.67000000e-08  0.00000000e+00  5.76344172e+09  0.00000000e+00  1.00000000e-11
4.68100000e-08  0.00000000e+00  5.76344022e+09  0.00000000e+00  1.00000000e-11
4.69200000e-08  0.00000000e+00  5.76344041e+09  0.00000000e+00  1.00000000e-11
4.70300000e-08  0.00000000e+00  5.76343969e+09  0.00000000e+00  1.00000000e-11
4.71400000e-08  0.00000000e+00  5.76343858e+09  0.00000000e+00  1.00000000e-11
4.72500000e-08  0.00000000e+00  5.76343859e+09  0.00000000e+00  1.00000000e-11
4.73600000e-08  0.00000000e+00  5.76343759e+09  0.00000000e+00  1.00000000e-11
4.74700000e-08  0.00000000e+00  5.76343691e+09  0.00000000e+00  1.00000000e-11
4.75800000e-08  0.00000000e+00  5.76343673e+09  0.00000000e+00  1.00000000e-11
4.76900000e-08  0.00000000e+00  5.76343544e+09  0.00000000e+00  1.00000000e-11
4.78000000e-08  0.00000000e+00  5.76343521e+09  0.00000000e+00  1.00000000e-11
4.79100000e-08  0.00000000e+00  5.76343482e+09  0.00000000e+00  1.00000000e-11
4.80200000e-08  0.00000000e+00  5.76343323e+09  0.00000000e+00  1.00000000e-11
4.81300000e-08  0.00000000e+00  5.76343349e+09  0.00000000e+00  1.00000000e-11
4.82400000e-08  0.00000000e+00  5.76343286e+09  0.00000000e+00  1.00000000e-11
4.83500000e-08  0.00000000e+00  5.76343164e+09  0.00000000e+00  1.00000000e-11
4.84600000e-08  0.00000000e+00  5.76343172e+09  0.00000000e+00  1.00000000e-11
4.85700000e-08  0.00000000e+00  5.76343085e+09  0.00000000e+00  1.00000000e-11
4.86800000e-08  0.00000000e+00  5.76343003e+09  0.00000000e+00  1.00000000e-11
4.87900000e-08  0.00000000e+00  5.76342993e+09  0.00000000e+00  1.00000000e-11
4.89000000e-08  0.00000000e+00  5.76342878e+09  0.00000000e+00  1.00000000e-11
4.90100000e-08  0.00000000e+00  5.76342838e+09  0.00000000e+00  1.00000000e-11
4.91200000e-08  0.00000000e+00  5.76342809e+09  0.00000000e+00  1.00000000e-11
4.92300000e-08  0.00000000e+00  5.76342665e+09  0.00000000e+00  1.00000000e-11
4.93400000e-08  0.00000000e+00  5.76342671e+09  0.00000000e+00  1.00000000e-11
4.94500000e-08  0.00000000e+00  5.76342621e+09  0.00000000e+00  1.00000000e-11
4.95600000e-08  0.00000000e+00  5.76342485e+09  0.00000000e+00  1.00000000e-11
4.96700000e-08  0.00000000e+00  5.76342502e+09  0.00000000e+00  1.00000000e-11
4.97800000e-08  0.00000000e+00  5.76342427e+09  0.00000000e+00  1.00000000e-11
4.98900000e-08  0.00000000e+00  5.76342329e+09  0.00000000e+00  1.00000000e-11
5.00000000e-08  0.00000000e+00  5.76342329e+09  0.00000000e+00  1.00000000e-11
5.01100000e-08  0.00000000e+00  5.76342230e+09  0.00000000e+00  1.00000000e-11
5.02200000e-08  0.00000000e+00  5.76342171e+09  0.00000000e+00  1.00000000e-11
5.03300000e-08  0.00000000e+00  5.76342152e+09  0.00000000e+00  1.00000000e-11
5.04400000e-08  0.00000000e+00  5.76342026e+09  0.00000000e+00  1.00000000e-11
5.05500000e-08  0.00000000e+00  5.76342010e+09  0.00000000e+00  1.00000000e-11
5.06600000e-08  0.00000000e+00  5.76341972e+09  0.00000000e+00  1.00000000e-11
5.07700000e-08  0.00000000e+00  5.76341821e+09  0.00000000e+00  1.00000000e-11
5.08800000e-08  0.00000000e+00  5.76341847e+09  0.00000000e+00  1.00000000e-11
5.09900000e-08  0.00000000e+00  5.76341788e+09  0.00000000e+00  1.00000000e-11
5.11000000e-08  0.00000000e+00  5.76341671e+09  0.00000000e+00  1.00000000e-11
5.12100000e-08  0.00000000e+00  5.76341681e+09  0.00000000e+00  1.00000000e-11
5.13200000e-08  0.00000000e+00  5.76341599e+09  0.00000000e+00  1.00000000e-11
5.14300000e-08  0.00000000e+00  5.76341519e+09  0.00000000e+00  1.00000000e-11
5.15400000e-08  0.00000000e+00  5.76341512e+09  0.00000000e+00  1.00000000e-11
5.16500000e-08  0.00000000e+00  5.76341406e+09  0.00000000e+00  1.00000000e-11
5.17600000e-08  0.00000000e+00  5.76341365e+09  0.00000000e+00  1.00000000e-11
5.18700000e-08  0.00000000e+00  5.76341340e+09  0.00000000e+00  1.00000000e-11
5.19800000e-08  0.00000000e+00  5.76341207e+09  0.00000000e+00  1.00000000e-11
5.20900000e-08  0.00000000e+00  5.76341209e+09  0.00000000e+00  1.00000000e-11
5.22000000e-08  0.00000000e+00  5.76341164e+09  0.00000000e+00  1.00000000e-11
5.23100000e-08  0.00000000e+00  5.76341030e+09  0.00000000e+00  1.00000000e-11
5.24200000e-08  0.00000000e+00  5.76341050e+09  0.00000000e+00  1.00000000e-11
5.25300000e-08  0.00000000e+00  5.76340985e+09  0.00000000e+00  1.00000000e-11
5.26400000e-08  0.00000000e+00  5.76340884e+09  0.00000000e+00  1.00000000e-11
5.27500000e-08  0.00000000e+00  5.76340888e+09  0.00000000e+00  1.00000000e-11
5.28600000e-08  0.00000000e+00  5.76340801e+09  0.00000000e+00  1.00000000e-11
5.29700000e-08  0.00000000e+00  5.76340736e+09  0.00000000e+00  1.00000000e-11
5.30800000e-08  0.00000000e+00  5.76340724e+09  0.00000000e+00  1.00000000e-11
5.31900000e-08  0.00000000e+00  5.76340612e+09  0.00000000e+00  1.00000000e-11
5.33000000e-08  0.00000000e+00  5.76340587e+09  0.00000000e+00  1.00000000e-11
5.34100000e-08  0.00000000e+00  5.76340557e+09  0.00000000e+00  1.00000000e-11
5.35200000e-08  0.00000000e+00  5.76340419e+09  0.00000000e+00  1.00000000e-11
5.36300000e-08  0.00000000e+00  5.76340435e+09  0.00000000e+00  1.00000000e-11
5.37400000e-08  0.00000000e+00  5.76340386e+09  0.00000000e+00  1.00000000e-11
5.38500000e-08  0.00000000e+00  5.76340265e+09  0.00000000e+00  1.00000000e-11
5.39600000e-08  0.00000000e+00  5.76340280e+09  0.00000000e+00  1.00000000e-11
5.40700000e-08  0.00000000e+00  5.76340211e+09  0.00000000e+00  1.00000000e-11
5.41800000e-08  0.00000000e+00  5.76340124e+09  0.00000000e+00  1.00000000e-11
5.42900000e-08  0.00000000e+00  5.76340124e+09  0.00000000e+00  1.00000000e-11
5.44000000e-08  0.00000000e+00  5.76340032e+09  0.00000000e+00  1.00000000e-11
5.45100000e-08  0.00000000e+00  5.76339981e+09  0.00000000e+00  1.00000000e-11
5.46200000e-08  0.00000000e+00  5.76339964e+09  0.00000000e+00  1.00000000e-11
5.47300000e-08  0.00000000e+00  5.76339848e+09  0.00000000e+00  1.00000000e-11
5.48400000e-08  0.00000000e+00  5.76339835e+09  0.00000000e+00  1.00000000e-11
5.49500000e-08  0.00000000e+00  5.76339801e+09  0.00000000e+00  1.00000000e-11
5.50600000e-08  0.00000000e+00  5.76339663e+09  0.00000000e+00  1.00000000e-11
5.51700000e-08  0.00000000e+00  5.76339688e+09  0.00000000e+00  1.00000000e-11
5.52800000e-08  0.00000000e+00  5.76339635e+09  0.00000000e+00  1.00000000e-11
5.53900000e-08  0.00000000e+00  5.76339527e+09  0.00000000e+00  1.00000000e-11
5.55000000e-08  0.00000000e+00  5.76339538e+09  0.00000000e+00  1.00000000e-11
5.56100000e-08  0.00000000e+00  5.76339464e+09  0.00000000e+00  1.00000000e-11
5.57200000e-08  0.00000000e+00  5.76339390e+09  0.00000000e+00  1.00000000e-11
5.58300000e-08  0.00000000e+00  5.76339386e+09  0.00000000e+00  1.00000000e-11
5.59400000e-08  0.00000000e+00  5.76339290e+09  0.00000000e+00  1.00000000e-11
5.60500000e-08  0.00000000e+00  5.76339251e+09  0.00000000e+00  1.00000000e-11
5.61600000e-08  0.00000000e+00  5.76339230e+09  0.00000000e+00  1.00000000e-11
5.62700000e-08  0.00000000e+00  5.76339111e+09  0.00000000e+00  1.00000000e-11
5.63800000e-08  0.00000000e+00  5.76339110e+09  0.00000000e+00  1.00000000e-11
5.64900000e-08  0.00000000e+00  5.76339072e+09  0.00000000e+00  1.00000000e-11
5.66000000e-08  0.00000000e+00  5.76338946e+09  0.00000000e+00  1.00000000e-11
5.67100000e-08  0.00000000e+00  5.76338967e+09  0.00000000e+00  1.00000000e-11
5.68200000e-08  0.00000000e+00  5.76338909e+09  0.00000000e+00  1.00000000e-11
5.69300000e-08  0.00000000e+00  5.76338815e+09  0.00000000e+00  1.00000000e-11
5.70400000e-08  0.00000000e+00  5.76338821e+09  0.00000000e+00  1.00000000e-11
5.71500000e-08  0.00000000e+00  5.76338743e+09  0.00000000e+00  1.00000000e-11
5.72600000e-08  0.00000000e+00  5.76338682e+09  0.00000000e+00  1.00000000e-11
5.73700000e-08  0.00000000e+00  5.76338672e+09  0.00000000e+00  1.00000000e-11
5.74800000e-08  0.00000000e+00  5.76338572e+09  0.00000000e+00  1.00000000e-11
5.75900000e-08  0.00000000e+00  5.76338546e+09  0.00000000e+00  1.00000000e-11
5.77000000e-08  0.00000000e+00  5.76338521e+09  0.00000000e+00  1.00000000e-11
5.78100000e-08  0.00000000e+00  5.76338396e+09  0.00000000e+00  1.00000000e-11
5.79200000e-08  0.00000000e+00  5.76338409e+09  0.00000000e+00  1.00000000e-11
5.80300000e-08  0.00000000e+00  5.76338366e+09  0.00000000e+00  1.00000000e-11
5.81400000e-08  0.00000000e+00  5.76338254e+09  0.00000000e+00  1.00000000e-11
5.82500000e-08  0.00000000e+00  5.76338269e+09  0.00000000e+00  1.00000000e-11
5.83600000e-08  0.00000000e+00  5.76338207e+09  0.00000000e+00  1.00000000e-11
5.84700000e-08  0.00000000e+00  5.76338126e+09  0.00000000e+00  1.00000000e-11
5.85800000e-08  0.00000000e+00  5.76338127e+09  0.00000000e+00  1.00000000e-11
5.86900000e-08  0.00000000e+00  5.76338043e+09  0.00000000e+00  1.00000000e-11
5.88000000e-08  0.00000000e+00  5.76337997e+09  0.00000000e+00  1.00000000e-11
5.89100000e-08  0.00000000e+00  5.76337982e+09  0.00000000e+00  1.00000000e-11
5.90200000e-08  0.00000000e+00  5.76337875e+09  0.00000000e+00  1.00000000e-11
5.91300000e-08  0.00000000e+00  5.76337865e+09  0.00000000e+00  1.00000000e-11
5.92400000e-08  0.00000000e+00  5.76337833e+09  0.00000000e+00  1.00000000e-11
5.93500000e-08  0.00000000e+00  5.76337707e+09  0.00000000e+00  1.00000000e-11
5.94600000e-08  0.00000000e+00  5.76337731e+09  0.00000000e+00  1.00000000e-11
5.95700000e-08  0.00000000e+00  5.76337681e+09  0.00000000e+00  1.00000000e-11
5.96800000e-08  0.00000000e+00  5.76337585e+09  0.00000000e+00  1.00000000e-11
5.97900000e-08  0.00000000e+00  5.76337594e+09  0.00000000e+00  1.00000000e-11
5.99000000e-08  0.00000000e+00  5.76337525e+09  0.00000000e+00  1.00000000e-11
6.00100000e-08  0.00000000e+00  5.76337460e+09  0.00000000e+00  1.00000000e-11
6.01200000e-08  0.00000000e+00  5.76337455e+09  0.00000000e+00  1.00000000e-11
6.02300000e-08  0.00000000e+00  5.76337364e+09  0.00000000e+00  1.00000000e-11
6.03400000e-08  0.00000000e+00  5.76337333e+09  0.00000000e+00  1.00000000e-11
6.04500000e-08  0.00000000e+00  5.76337312e+09  0.00000000e+00  1.00000000e-11
6.05600000e-08  0.00000000e+00  5.76337198e+09  0.00000000e+00  1.00000000e-11
6.06700000e-08  0.00000000e+00  5.76337204e+09  0.00000000e+00  1.00000000e-11
6.07800000e-08  0.00000000e+00  5.76337166e+09  0.00000000e+00  1.00000000e-11
6.08900000e-08  0.00000000e+00  5.76337056e+09  0.00000000e+00  1.00000000e-11
6.10000000e-08  0.00000000e+00  5.76337073e+09  0.00000000e+00  1.00000000e-11
6.11100000e-08  0.00000000e+00  5.76337016e+09  0.00000000e+00  1.00000000e-11
6.12200000e-08  0.00000000e+00  5.76336936e+09  0.00000000e+00  1.00000000e-11
6.13300000e-08  0.00000000e+00  5.76336939e+09  0.00000000e+00  1.00000000e-11
6.14400000e-08  0.00000000e+00  5.76336861e+09  0.00000000e+00  1.00000000e-11
6.15500000e-08  0.00000000e+00  5.76336814e+09  0.00000000e+00  1.00000000e-11
6.16600000e-08  0.00000000e+00  5.76336802e+09  0.00000000e+00  1.00000000e-11
6.17700000e-08  0.00000000e+00  5.76336701e+09  0.00000000e+00  1.00000000e-11
6.18800000e-08  0.00000000e+00  5.76336689e+09  0.00000000e+00  1.00000000e-11
6.19900000e-08  0.00000000e+00  5.76336661e+09  0.00000000e+00  1.00000000e-11
6.21000000e-08  0.00000000e+00  5.76336540e+09  0.00000000e+00  1.00000000e-11
6.22100000e-08  0.00000000e+00  5.76336563e+09  0.00000000e+00  1.00000000e-11
6.23200000e-08  0.00000000e+00  5.76336516e+09  0.00000000e+00  1.00000000e-11
6.24300000e-08  0.00000000e+00  5.76336424e+09  0.00000000e+00  1.00000000e-11
6.25400000e-08  0.00000000e+00  5.76336433e+09  0.00000000e+00  1.00000000e-11
6.26500000e-08  0.00000000e+00  5.76336367e+09  0.00000000e+00  1.00000000e-11
6.27600000e-08  0.00000000e+00  5.76336306e+09  0.00000000e+00  1.00000000e-11
6.28700000e-08  0.00000000e+00  5.76336301e+09  0.00000000e+00  1.00000000e-11
6.29800000e-08  0.00000000e+00  5.76336213e+09  0.00000000e+00  1.00000000e-11
6.30900000e-08  0.00000000e+00  5.76336186e+09  0.00000000e+00  1.00000000e-11
6.32000000e-08  0.00000000e+00  5.76336166e+09  0.00000000e+00  1.00000000e-11
6.33100000e-08  0.00000000e+00  5.76336055e+09  0.00000000e+00  1.00000000e-11
6.34200000e-08  0.00000000e+00  5.76336064e+09  0.00000000e+00  1.00000000e-11
6.35300000e-08  0.00000000e+00  5.76336026e+09  0.00000000e+00  1.00000000e-11
6.36400000e-08  0.00000000e+00  5.76335924e+09  0.00000000e+00  1.00000000e-11
6.37500000e-08  0.00000000e+00  5.76335939e+09  0.00000000e+00  1.00000000e-11
6.38600000e-08  0.00000000e+00  5.76335882e+09  0.00000000e+00  1.00000000e-11
6.39700000e-08  0.00000000e+00  5.76335810e+09  0.00000000e+00  1.00000000e-11
6.40800000e-08  0.00000000e+00  5.76335811e+09  0.00000000e+00  1.00000000e-11
6.41900000e-08  0.00000000e+00  5.76335734e+09  0.00000000e+00  1.00000000e-11
6.43000000e-08  0.00000000e+00  5.76335694e+09  0.00000000e+00  1.00000000e-11
6.44100000e-08  0.00000000e+00  5.76335680e+09  0.00000000e+00  1.00000000e-11
6.45200000e-08  0.00000000e+00  5.76335581e+09  0.00000000e+00  1.00000000e-11
6.46300000e-08  0.00000000e+00  5.76335575e+09  0.00000000e+00  1.00000000e-11
6.47400000e-08  0.00000000e+00  5.76335545e+09  0.00000000e+00  1.00000000e-11
6.48500000e-08  0.00000000e+00  5.76335435e+09  0.00000000e+00  1.00000000e-11
6.49600000e-08  0.00000000e+00  5.76335455e+09  0.00000000e+00  1.00000000e-11
6.50700000e-08  0.00000000e+00  5.76335407e+09  0.00000000e+00  1.00000000e-11
6.51800000e-08  0.00000000e+00  5.76335324e+09  0.00000000e+00  1.00000000e-11
6.52900000e-08  0.00000000e+00  5.76335331e+09  0.00000000e+00  1.00000000e-11
6.54000000e-08  0.00000000e+00  5.76335263e+09  0.00000000e+00  1.00000000e-11
6.55100000e-08  0.00000000e+00  5.76335212e+09  0.00000000e+00  1.00000000e-11
6.56200000e-08  0.00000000e+00  5.76335204e+09  0.00000000e+00  1.00000000e-11
6.57300000e-08  0.00000000e+00  5.76335115e+09  0.00000000e+00  1.00000000e-11
6.58400000e-08  0.00000000e+00  5.76335098e+09  0.00000000e+00  1.00000000e-11
6.59500000e-08  0.00000000e+00  5.76335074e+09  0.00000000e+00  1.00000000e-11
6.60600000e-08  0.00000000e+00  5.76334961e+09  0.00000000e+00  1.00000000e-11
6.61700000e-08  0.00000000e+00  5.76334981e+09  0.00000000e+00  1.00000000e-11
6.62800000e-08  0.00000000e+00  5.76334940e+09  0.00000000e+00  1.00000000e-11
6.63900000e-08  0.00000000e+00  5.76334850e+09  0.00000000e+00  1.00000000e-11
6.65000000e-08  0.00000000e+00  5.76334861e+09  0.00000000e+00  1.00000000e-11
6.66100000e-08  0.00000000e+00  5.76334801e+09  0.00000000e+00  1.00000000e-11
6.67200000e-08  0.00000000e+00  5.76334741e+09  0.00000000e+00  1.00000000e-11
6.68300000e-08  0.00000000e+00  5.76334738e+09  0.00000000e+00  1.00000000e-11
6.69400000e-08  0.00000000e+00  5.76334657e+09  0.00000000e+00  1.00000000e-11
6.70500000e-08  0.00000000e+00  5.76334630e+09  0.00000000e+00  1.00000000e-11
6.71600000e-08  0.00000000e+00  5.76334612e+09  0.00000000e+00  1.00000000e-11
6.72700000e-08  0.00000000e+00  5.76334508e+09  0.00000000e+00  1.00000000e-11
6.73800000e-08  0.00000000e+00  5.76334516e+09  0.00000000e+00  1.00000000e-11
6.74900000e-08  0.00000000e+00  5.76334482e+09  0.00000000e+00  1.00000000e-11
6.76000000e-08  0.00000000e+00  5.76334386e+09  0.00000000e+00  1.00000000e-11
6.77100000e-08  0.00000000e+00  5.76334400e+09  0.00000000e+00  1.00000000e-11
6.78200000e-08  0.00000000e+00  5.76334347e+09  0.00000000e+00  1.00000000e-11
6.79300000e-08  0.00000000e+00  5.76334280e+09  0.00000000e+00  1.00000000e-11
6.80400000e-08  0.00000000e+00  5.76334281e+09  0.00000000e+00  1.00000000e-11
6.81500000e-08  0.00000000e+00  5.76334208e+09  0.00000000e+00  1.00000000e-11
6.82600000e-08  0.00000000e+00  5.76334172e+09  0.00000000e+00  1.00000000e-11
6.83700000e-08  0.00000000e+00  5.76334159e+09  0.00000000e+00  1.00000000e-11
6.84800000e-08  0.00000000e+00  5.76334063e+09  0.00000000e+00  1.00000000e-11
6.85900000e-08  0.00000000e+00  5.76334062e+09  0.00000000e+00  1.00000000e-11
6.87000000e-08  0.00000000e+00  5.76334033e+09  0.00000000e+00  1.00000000e-11
6.88100000e-08  0.00000000e+00  5.76333931e+09  0.00000000e+00  1.00000000e-11
6.89200000e-08  0.00000000e+00  5.76333949e+09  0.00000000e+00  1.00000000e-11
6.90300000e-08  0.00000000e+00  5.76333902e+09  0.00000000e+00  1.00000000e-11
6.91400000e-08  0.00000000e+00  5.76333829e+09  0.00000000e+00  1.00000000e-11
6.92500000e-08  0.00000000e+00  5.76333834e+09  0.00000000e+00  1.00000000e-11
6.93600000e-08  0.00000000e+00  5.76333767e+09  0.00000000e+00  1.00000000e-11
6.94700000e-08  0.00000000e+00  5.76333724e+09  0.00000000e+00  1.00000000e-11
6.95800000e-08  0.00000000e+00  5.76333715e+09  0.00000000e+00  1.00000000e-11
6.96900000e-08  0.00000000e+00  5.76333626e+09  0.00000000e+00  1.00000000e-11
6.98000000e-08  0.00000000e+00  5.76333617e+09  0.00000000e+00  1.00000000e-11
6.99100000e-08  0.00000000e+00  5.76333592e+09  0.00000000e+00  1.00000000e-11
7.00200000e-08  0.00000000e+00  5.76333487e+09  0.00000000e+00  1.00000000e-11
7.01300000e-08  0.00000000e+00  5.76333508e+09  0.00000000e+00  1.00000000e-11
7.02400000e-08  0.00000000e+00  5.76333465e+09  0.00000000e+00  1.00000000e-11
7.03500000e-08  0.00000000e+00  5.76333388e+09  0.00000000e+00  1.00000000e-11
7.04600000e-08  0.00000000e+00  5.76333396e+09  0.00000000e+00  1.00000000e-11
7.05700000e-08  0.00000000e+00  5.76333334e+09  0.00000000e+00  1.00000000e-11
7.06800000e-08  0.00000000e+00  5.76333286e+09  0.00000000e+00  1.00000000e-11
7.07900000e-08  0.00000000e+00  5.76333280e+09  0.00000000e+00  1.00000000e-11
7.09000000e-08  0.00000000e+00  5.76333198e+09  0.00000000e+00  1.00000000e-11
