# Lagrangian Shock Diagnostics
# Jones et al. (2018) Ta validation
# Col 1: time (s)
# Col 2: free-surface velocity (m/s)
# Col 3: max pressure (Pa)
# Col 4: min pressure (Pa)
# Col 5: timestep (s)
1.00000000e-10  0.00000000e+00  0.00000000e+00  0.00000000e+00  1.00000000e-10
2.00000000e-10  0.00000000e+00  4.68365935e+00  -2.92757675e+00  1.00000000e-10
3.00000000e-10  0.00000000e+00  1.80986371e+01  -1.13500338e+01  1.00000000e-10
4.00000000e-10  0.00000000e+00  4.46337212e+01  -2.82130526e+01  1.00000000e-10
5.00000000e-10  0.00000000e+00  8.82402441e+01  -5.60959342e+01  1.00000000e-10
6.00000000e-10  0.00000000e+00  1.53000298e+02  -9.79610786e+01  1.00000000e-10
7.00000000e-10  0.00000000e+00  2.42549512e+02  -1.56398572e+02  1.00000000e-10
8.00000000e-10  0.00000000e+00  3.60868345e+02  -2.34386276e+02  1.00000000e-10
9.00000000e-10  0.00000000e+00  5.11482671e+02  -3.34523763e+02  1.00000000e-10
1.00000000e-09  0.00000000e+00  6.98157387e+02  -4.59803146e+02  1.00000000e-10
1.10000000e-09  0.00000000e+00  9.24194571e+02  -6.12832180e+02  1.00000000e-10
1.20000000e-09  0.00000000e+00  1.19335897e+03  -7.96616146e+02  1.00000000e-10
1.30000000e-09  0.00000000e+00  1.50883389e+03  -1.01376965e+03  1.00000000e-10
1.40000000e-09  0.00000000e+00  1.87415923e+03  -1.26730995e+03  1.00000000e-10
1.50000000e-09  0.00000000e+00  2.29239764e+03  -1.55985739e+03  1.00000000e-10
1.60000000e-09  0.00000000e+00  2.76708713e+03  -1.89444010e+03  1.00000000e-10
1.70000000e-09  0.00000000e+00  3.30097045e+03  -2.27368287e+03  1.00000000e-10
1.80000000e-09  0.00000000e+00  3.89722872e+03  -2.70062363e+03  1.00000000e-10
1.90000000e-09  0.00000000e+00  4.55862685e+03  -3.17789049e+03  1.00000000e-10
2.00000000e-09  0.00000000e+00  5.28846511e+03  -3.70853015e+03  1.00000000e-10
2.10000000e-09  0.00000000e+00  6.08959164e+03  -4.29517284e+03  1.00000000e-10
2.20000000e-09  0.00000000e+00  6.96523134e+03  -4.94087299e+03  1.00000000e-10
2.30000000e-09  0.00000000e+00  7.91856556e+03  -5.64826193e+03  1.00000000e-10
2.40000000e-09  0.00000000e+00  8.95292585e+03  -6.42040077e+03  1.00000000e-10
2.50000000e-09  0.00000000e+00  1.00712837e+04  -7.25992087e+03  1.00000000e-10
2.60000000e-09  0.00000000e+00  1.12769375e+04  -8.16988905e+03  1.00000000e-10
2.70000000e-09  0.00000000e+00  1.25731441e+04  -9.15293569e+03  1.00000000e-10
2.80000000e-09  0.00000000e+00  1.39634736e+04  -1.02121324e+04  1.00000000e-10
2.90000000e-09  0.00000000e+00  1.54507345e+04  -1.13501075e+04  1.00000000e-10
3.00000000e-09  0.00000000e+00  1.70379110e+04  -1.25699364e+04  1.00000000e-10
3.10000000e-09  0.00000000e+00  1.87278673e+04  -1.38742446e+04  1.00000000e-10
3.20000000e-09  0.00000000e+00  2.05237547e+04  -1.52661106e+04  1.00000000e-10
3.30000000e-09  0.00000000e+00  2.24287289e+04  -1.67481557e+04  1.00000000e-10
3.40000000e-09  0.00000000e+00  2.44462558e+04  -1.83234606e+04  1.00000000e-10
3.50000000e-09  0.00000000e+00  2.65797813e+04  -1.99946420e+04  1.00000000e-10
3.60000000e-09  0.00000000e+00  2.88325863e+04  -2.17647820e+04  1.00000000e-10
3.70000000e-09  0.00000000e+00  3.12079053e+04  -2.36364913e+04  1.00000000e-10
3.80000000e-09  0.00000000e+00  3.37092101e+04  -2.56128528e+04  1.00000000e-10
3.90000000e-09  0.00000000e+00  3.63402798e+04  -2.76964706e+04  1.00000000e-10
4.00000000e-09  0.00000000e+00  3.91047620e+04  -2.98904276e+04  1.00000000e-10
4.10000000e-09  0.00000000e+00  4.20063860e+04  -3.21973204e+04  1.00000000e-10
4.20000000e-09  0.00000000e+00  4.50487873e+04  -3.46202312e+04  1.00000000e-10
4.30000000e-09  0.00000000e+00  4.82356869e+04  -3.71617486e+04  1.00000000e-10
4.40000000e-09  0.00000000e+00  5.15706335e+04  -3.98249532e+04  1.00000000e-10
4.50000000e-09  0.00000000e+00  5.50570511e+04  -4.26124245e+04  1.00000000e-10
4.60000000e-09  0.00000000e+00  5.86983722e+04  -4.55272415e+04  1.00000000e-10
4.70000000e-09  0.00000000e+00  6.24981208e+04  -4.85719740e+04  1.00000000e-10
4.80000000e-09  0.00000000e+00  6.64594868e+04  -5.17496983e+04  1.00000000e-10
4.90000000e-09  0.00000000e+00  7.05855287e+04  -5.50629739e+04  1.00000000e-10
5.00000000e-09  0.00000000e+00  7.48792679e+04  -5.85148740e+04  1.00000000e-10
5.10000000e-09  0.00000000e+00  7.93437389e+04  -6.21079473e+04  1.00000000e-10
5.20000000e-09  0.00000000e+00  8.39816393e+04  -6.58452634e+04  1.00000000e-10
5.30000000e-09  0.00000000e+00  8.87955367e+04  -6.97293594e+04  1.00000000e-10
5.40000000e-09  0.00000000e+00  9.37878924e+04  -7.37633007e+04  1.00000000e-10
5.50000000e-09  0.00000000e+00  9.89611928e+04  -7.79496125e+04  1.00000000e-10
5.60000000e-09  0.00000000e+00  1.04317592e+05  -8.22913559e+04  1.00000000e-10
5.70000000e-09  0.00000000e+00  1.09859125e+05  -8.67910433e+04  1.00000000e-10
5.80000000e-09  0.00000000e+00  1.15587649e+05  -9.14517308e+04  1.00000000e-10
5.90000000e-09  0.00000000e+00  1.21505063e+05  -9.62759178e+04  1.00000000e-10
6.00000000e-09  0.00000000e+00  1.27612940e+05  -1.01266655e+05  1.00000000e-10
6.10000000e-09  0.00000000e+00  1.33912745e+05  -1.06426429e+05  1.00000000e-10
6.20000000e-09  0.00000000e+00  1.40405779e+05  -1.11758285e+05  1.00000000e-10
6.30000000e-09  0.00000000e+00  1.47093401e+05  -1.17264695e+05  1.00000000e-10
6.40000000e-09  0.00000000e+00  1.53976652e+05  -1.22948697e+05  1.00000000e-10
6.50000000e-09  0.00000000e+00  1.61056642e+05  -1.28812751e+05  1.00000000e-10
6.60000000e-09  0.00000000e+00  1.68334168e+05  -1.34859890e+05  1.00000000e-10
6.70000000e-09  0.00000000e+00  1.75809941e+05  -1.41092556e+05  1.00000000e-10
6.80000000e-09  0.00000000e+00  1.83484528e+05  -1.47513778e+05  1.00000000e-10
6.90000000e-09  0.00000000e+00  1.91358711e+05  -1.54125983e+05  1.00000000e-10
7.00000000e-09  0.00000000e+00  1.99432984e+05  -1.60932192e+05  1.00000000e-10
7.10000000e-09  0.00000000e+00  2.07707776e+05  -1.67934818e+05  1.00000000e-10
7.20000000e-09  0.00000000e+00  2.16183391e+05  -1.75136876e+05  1.00000000e-10
7.30000000e-09  0.00000000e+00  2.24860201e+05  -1.82540763e+05  1.00000000e-10
7.40000000e-09  0.00000000e+00  2.33738316e+05  -1.90149487e+05  1.00000000e-10
7.50000000e-09  0.00000000e+00  2.42817808e+05  -1.97965431e+05  1.00000000e-10
7.60000000e-09  0.00000000e+00  2.52098670e+05  -2.05991596e+05  1.00000000e-10
7.70000000e-09  0.00000000e+00  2.61580866e+05  -2.14230347e+05  1.00000000e-10
7.80000000e-09  0.00000000e+00  2.71264172e+05  -2.22684681e+05  1.00000000e-10
7.90000000e-09  0.00000000e+00  2.81148346e+05  -2.31356946e+05  1.00000000e-10
8.00000000e-09  0.00000000e+00  2.91233130e+05  -2.40250132e+05  1.00000000e-10
8.10000000e-09  0.00000000e+00  3.01518439e+05  -2.49366573e+05  1.00000000e-10
8.20000000e-09  0.00000000e+00  3.12004000e+05  -2.58709252e+05  1.00000000e-10
8.30000000e-09  0.00000000e+00  3.22689540e+05  -2.68280485e+05  1.00000000e-10
8.40000000e-09  0.00000000e+00  3.33574789e+05  -2.78083250e+05  1.00000000e-10
8.50000000e-09  0.00000000e+00  3.44659672e+05  -2.88119848e+05  1.00000000e-10
8.60000000e-09  0.00000000e+00  3.55943939e+05  -2.98393251e+05  1.00000000e-10
8.70000000e-09  0.00000000e+00  3.67427354e+05  -3.08905742e+05  1.00000000e-10
8.80000000e-09  0.00000000e+00  3.79109702e+05  -3.19660287e+05  1.00000000e-10
8.90000000e-09  0.00000000e+00  3.90990983e+05  -3.30659157e+05  1.00000000e-10
9.00000000e-09  0.00000000e+00  4.03071030e+05  -3.41905309e+05  1.00000000e-10
9.10000000e-09  0.00000000e+00  4.15349705e+05  -3.53400998e+05  1.00000000e-10
9.20000000e-09  0.00000000e+00  4.27827026e+05  -3.65149177e+05  1.00000000e-10
9.30000000e-09  0.00000000e+00  4.40503232e+05  -3.77152085e+05  1.00000000e-10
9.40000000e-09  0.00000000e+00  4.53378395e+05  -3.89412671e+05  1.00000000e-10
9.50000000e-09  0.00000000e+00  4.66452614e+05  -4.01933157e+05  1.00000000e-10
9.60000000e-09  0.00000000e+00  4.79726024e+05  -4.14716487e+05  1.00000000e-10
9.70000000e-09  0.00000000e+00  4.93198997e+05  -4.27764870e+05  1.00000000e-10
9.80000000e-09  0.00000000e+00  5.06871737e+05  -4.41081245e+05  1.00000000e-10
9.90000000e-09  0.00000000e+00  5.20744485e+05  -4.54667804e+05  1.00000000e-10
1.00000000e-08  0.00000000e+00  5.34817523e+05  -4.68527484e+05  1.00000000e-10
1.01000000e-08  0.00000000e+00  5.49091386e+05  -4.82662463e+05  1.00000000e-10
1.02000000e-08  0.00000000e+00  5.63566438e+05  -4.97075674e+05  1.00000000e-10
1.03000000e-08  0.00000000e+00  5.78243090e+05  -5.11769279e+05  1.00000000e-10
1.04000000e-08  0.00000000e+00  5.93397399e+05  -5.26746211e+05  1.00000000e-10
1.05000000e-08  0.00000000e+00  6.10408708e+05  -5.42008616e+05  1.00000000e-10
1.06000000e-08  0.00000000e+00  6.27704048e+05  -5.57559425e+05  1.00000000e-10
1.07000000e-08  0.00000000e+00  6.45283303e+05  -5.73400772e+05  1.00000000e-10
1.08000000e-08  0.00000000e+00  6.63147114e+05  -5.89535585e+05  1.00000000e-10
1.09000000e-08  0.00000000e+00  6.81295289e+05  -6.05965985e+05  1.00000000e-10
1.10000000e-08  0.00000000e+00  6.99728410e+05  -6.22694899e+05  1.00000000e-10
1.11000000e-08  0.00000000e+00  7.18446217e+05  -6.39724436e+05  1.00000000e-10
1.12000000e-08  0.00000000e+00  7.37449245e+05  -6.57057522e+05  1.00000000e-10
1.13000000e-08  0.00000000e+00  7.56737181e+05  -6.74696254e+05  1.00000000e-10
1.14000000e-08  0.00000000e+00  7.76310526e+05  -6.92643558e+05  1.00000000e-10
1.15000000e-08  0.00000000e+00  7.96168926e+05  -7.10901520e+05  1.00000000e-10
1.16000000e-08  0.00000000e+00  8.16312862e+05  -7.29473069e+05  1.00000000e-10
1.17000000e-08  0.00000000e+00  8.36741952e+05  -7.48360276e+05  1.00000000e-10
1.18000000e-08  0.00000000e+00  8.57456668e+05  -7.67566074e+05  1.00000000e-10
1.19000000e-08  0.00000000e+00  8.78456612e+05  -7.87092525e+05  1.00000000e-10
1.20000000e-08  0.00000000e+00  8.99742263e+05  -8.06942562e+05  1.00000000e-10
1.21000000e-08  0.00000000e+00  9.21313221e+05  -8.27118239e+05  1.00000000e-10
1.22000000e-08  0.00000000e+00  9.43169981e+05  -8.47622493e+05  1.00000000e-10
1.23000000e-08  0.00000000e+00  9.65312153e+05  -8.68457367e+05  1.00000000e-10
1.24000000e-08  0.00000000e+00  9.87740261e+05  -8.89625804e+05  1.00000000e-10
1.25000000e-08  0.00000000e+00  1.01045394e+06  -9.11129839e+05  1.00000000e-10
1.26000000e-08  0.00000000e+00  1.03345375e+06  -9.32972421e+05  1.00000000e-10
1.27000000e-08  0.00000000e+00  1.05673936e+06  -9.55155575e+05  1.00000000e-10
1.28000000e-08  0.00000000e+00  1.08031140e+06  -9.77682257e+05  1.00000000e-10
1.29000000e-08  0.00000000e+00  1.10416956e+06  -1.00055449e+06  1.00000000e-10
1.30000000e-08  0.00000000e+00  1.12831454e+06  -1.02377523e+06  1.00000000e-10
1.31000000e-08  0.00000000e+00  1.15274612e+06  -1.04734649e+06  1.00000000e-10
1.32000000e-08  0.00000000e+00  1.17746505e+06  -1.07127126e+06  1.00000000e-10
1.33000000e-08  0.00000000e+00  1.20247118e+06  -1.09555152e+06  1.00000000e-10
1.34000000e-08  0.00000000e+00  1.22776538e+06  -1.12019027e+06  1.00000000e-10
1.35000000e-08  0.00000000e+00  1.25334758e+06  -1.14518951e+06  1.00000000e-10
1.36000000e-08  0.00000000e+00  1.27921876e+06  -1.17055224e+06  1.00000000e-10
1.37000000e-08  0.00000000e+00  1.30537894e+06  -1.19628044e+06  1.00000000e-10
1.38000000e-08  0.00000000e+00  1.33182926e+06  -1.22237714e+06  1.00000000e-10
1.39000000e-08  0.00000000e+00  1.35856993e+06  -1.24884431e+06  1.00000000e-10
1.40000000e-08  0.00000000e+00  1.38560224e+06  -1.27568500e+06  1.00000000e-10
1.41000000e-08  0.00000000e+00  1.41292650e+06  -1.30290118e+06  1.00000000e-10
1.42000000e-08  0.00000000e+00  1.44054415e+06  -1.33049589e+06  1.00000000e-10
1.43000000e-08  0.00000000e+00  1.46845562e+06  -1.35847113e+06  1.00000000e-10
1.44000000e-08  0.00000000e+00  1.49666247e+06  -1.38682995e+06  1.00000000e-10
1.45000000e-08  0.00000000e+00  1.52516528e+06  -1.41557434e+06  1.00000000e-10
1.46000000e-08  0.00000000e+00  1.55396575e+06  -1.44470736e+06  1.00000000e-10
1.47000000e-08  0.00000000e+00  1.58306458e+06  -1.47423103e+06  1.00000000e-10
1.48000000e-08  0.00000000e+00  1.61246362e+06  -1.50414841e+06  1.00000000e-10
1.49000000e-08  0.00000000e+00  1.64216372e+06  -1.53446152e+06  1.00000000e-10
1.50000000e-08  0.00000000e+00  1.67216686e+06  -1.56517346e+06  1.00000000e-10
1.51000000e-08  0.00000000e+00  1.70247402e+06  -1.59628622e+06  1.00000000e-10
1.52000000e-08  0.00000000e+00  1.73308734e+06  -1.62780294e+06  1.00000000e-10
1.53000000e-08  0.00000000e+00  1.76400792e+06  -1.65972563e+06  1.00000000e-10
1.54000000e-08  0.00000000e+00  1.79523806e+06  -1.69205743e+06  1.00000000e-10
1.55000000e-08  0.00000000e+00  1.82677898e+06  -1.72480037e+06  1.00000000e-10
1.56000000e-08  0.00000000e+00  1.85863312e+06  -1.75795761e+06  1.00000000e-10
1.57000000e-08  0.00000000e+00  1.89080184e+06  -1.79153118e+06  1.00000000e-10
1.58000000e-08  0.00000000e+00  1.92328773e+06  -1.82552427e+06  1.00000000e-10
1.59000000e-08  0.00000000e+00  1.95609225e+06  -1.85993893e+06  1.00000000e-10
1.60000000e-08  0.00000000e+00  1.98921812e+06  -1.89477838e+06  1.00000000e-10
1.61000000e-08  0.00000000e+00  2.02266694e+06  -1.93004465e+06  1.00000000e-10
1.62000000e-08  0.00000000e+00  2.05644155e+06  -1.96574102e+06  1.00000000e-10
1.63000000e-08  0.00000000e+00  2.09054366e+06  -2.00186952e+06  1.00000000e-10
1.64000000e-08  0.00000000e+00  2.12497624e+06  -2.03843346e+06  1.00000000e-10
1.65000000e-08  0.00000000e+00  2.15974110e+06  -2.07543489e+06  1.00000000e-10
1.66000000e-08  0.00000000e+00  2.19484133e+06  -2.11287715e+06  1.00000000e-10
1.67000000e-08  0.00000000e+00  2.23027882e+06  -2.15076229e+06  1.00000000e-10
1.68000000e-08  0.00000000e+00  2.26605679e+06  -2.18909370e+06  1.00000000e-10
1.69000000e-08  0.00000000e+00  2.30217720e+06  -2.22787345e+06  1.00000000e-10
1.70000000e-08  0.00000000e+00  2.33864334e+06  -2.26710495e+06  1.00000000e-10
1.71000000e-08  0.00000000e+00  2.37545721e+06  -2.30679030e+06  1.00000000e-10
1.72000000e-08  0.00000000e+00  2.41262212e+06  -2.34693295e+06  1.00000000e-10
1.73000000e-08  0.00000000e+00  2.45014006e+06  -2.38753501e+06  1.00000000e-10
1.74000000e-08  0.00000000e+00  2.48801438e+06  -2.42859997e+06  1.00000000e-10
1.75000000e-08  0.00000000e+00  2.52624704e+06  -2.47012997e+06  1.00000000e-10
1.76000000e-08  0.00000000e+00  2.56484140e+06  -2.51212853e+06  1.00000000e-10
1.77000000e-08  0.00000000e+00  2.60379940e+06  -2.55459782e+06  1.00000000e-10
1.78000000e-08  0.00000000e+00  2.64312437e+06  -2.59754140e+06  1.00000000e-10
1.79000000e-08  0.00000000e+00  2.68281822e+06  -2.64096147e+06  1.00000000e-10
1.80000000e-08  0.00000000e+00  2.72288425e+06  -2.68486164e+06  1.00000000e-10
1.81000000e-08  0.00000000e+00  2.76332431e+06  -2.72924412e+06  1.00000000e-10
1.82000000e-08  0.00000000e+00  2.80414167e+06  -2.77411258e+06  1.00000000e-10
1.83000000e-08  0.00000000e+00  2.84533811e+06  -2.81946925e+06  1.00000000e-10
1.84000000e-08  0.00000000e+00  2.88691684e+06  -2.86531785e+06  1.00000000e-10
1.85000000e-08  0.00000000e+00  2.92887957e+06  -2.91166065e+06  1.00000000e-10
1.86000000e-08  0.00000000e+00  2.97122944e+06  -2.95850141e+06  1.00000000e-10
1.87000000e-08  0.00000000e+00  3.01396808e+06  -3.00584244e+06  1.00000000e-10
1.88000000e-08  0.00000000e+00  3.05709858e+06  -3.05368755e+06  1.00000000e-10
1.89000000e-08  0.00000000e+00  3.10062248e+06  -3.10203908e+06  1.00000000e-10
1.90000000e-08  0.00000000e+00  3.14454280e+06  -3.15090091e+06  1.00000000e-10
1.91000000e-08  0.00000000e+00  3.18886098e+06  -3.20027540e+06  1.00000000e-10
1.92000000e-08  0.00000000e+00  3.23357996e+06  -3.25016649e+06  1.00000000e-10
1.93000000e-08  0.00000000e+00  3.27870110e+06  -3.30057659e+06  1.00000000e-10
1.94000000e-08  0.00000000e+00  3.32422725e+06  -3.35150968e+06  1.00000000e-10
1.95000000e-08  0.00000000e+00  3.37015963e+06  -3.40296823e+06  1.00000000e-10
1.96000000e-08  0.00000000e+00  3.41650104e+06  -3.45495628e+06  1.00000000e-10
1.97000000e-08  0.00000000e+00  3.46325258e+06  -3.50747633e+06  1.00000000e-10
1.98000000e-08  0.00000000e+00  3.51041694e+06  -3.56053250e+06  1.00000000e-10
1.99000000e-08  0.00000000e+00  3.55799511e+06  -3.61412731e+06  1.00000000e-10
2.00000000e-08  0.00000000e+00  3.60598968e+06  -3.66826498e+06  1.00000000e-10
2.01000000e-08  0.00000000e+00  3.65440210e+06  -3.72294806e+06  1.00000000e-10
2.02000000e-08  0.00000000e+00  3.70323557e+06  -3.77818084e+06  1.00000000e-10
2.03000000e-08  0.00000000e+00  3.75249150e+06  -3.83396591e+06  1.00000000e-10
2.04000000e-08  0.00000000e+00  3.80217300e+06  -3.89030765e+06  1.00000000e-10
2.05000000e-08  0.00000000e+00  3.85228136e+06  -3.94720869e+06  1.00000000e-10
2.06000000e-08  0.00000000e+00  3.90281960e+06  -4.00467349e+06  1.00000000e-10
2.07000000e-08  0.00000000e+00  3.95378890e+06  -4.06270474e+06  1.00000000e-10
2.08000000e-08  0.00000000e+00  4.00519216e+06  -4.12130696e+06  1.00000000e-10
2.09000000e-08  0.00000000e+00  4.05703047e+06  -4.18048291e+06  1.00000000e-10
2.10000000e-08  0.00000000e+00  4.10930666e+06  -4.24023719e+06  1.00000000e-10
2.11000000e-08  0.00000000e+00  4.16202166e+06  -4.30057262e+06  1.00000000e-10
2.12000000e-08  0.00000000e+00  4.21517823e+06  -4.36149387e+06  1.00000000e-10
2.13000000e-08  0.00000000e+00  4.26877719e+06  -4.42300382e+06  1.00000000e-10
2.14000000e-08  0.00000000e+00  4.32282120e+06  -4.48510726e+06  1.00000000e-10
2.15000000e-08  0.00000000e+00  4.37731098e+06  -4.54780710e+06  1.00000000e-10
2.16000000e-08  0.00000000e+00  4.43224909e+06  -4.61110823e+06  1.00000000e-10
2.17000000e-08  0.00000000e+00  4.48763613e+06  -4.67501363e+06  1.00000000e-10
2.18000000e-08  0.00000000e+00  4.54347458e+06  -4.73952827e+06  1.00000000e-10
2.19000000e-08  0.00000000e+00  4.59976493e+06  -4.80465521e+06  1.00000000e-10
2.20000000e-08  0.00000000e+00  4.65650957e+06  -4.87039952e+06  1.00000000e-10
2.21000000e-08  0.00000000e+00  4.71370888e+06  -4.93676432e+06  1.00000000e-10
2.22000000e-08  0.00000000e+00  4.77136519e+06  -5.00375479e+06  1.00000000e-10
2.23000000e-08  0.00000000e+00  4.82947875e+06  -5.07137412e+06  1.00000000e-10
2.24000000e-08  0.00000000e+00  4.88805183e+06  -5.13962758e+06  1.00000000e-10
2.25000000e-08  0.00000000e+00  4.94708459e+06  -5.20851845e+06  1.00000000e-10
2.26000000e-08  0.00000000e+00  5.00657923e+06  -5.27805212e+06  1.00000000e-10
2.27000000e-08  0.00000000e+00  5.06653582e+06  -5.34823193e+06  1.00000000e-10
2.28000000e-08  0.00000000e+00  5.12695650e+06  -5.41906337e+06  1.00000000e-10
2.29000000e-08  0.00000000e+00  5.18784126e+06  -5.49054988e+06  1.00000000e-10
2.30000000e-08  0.00000000e+00  5.24919221e+06  -5.56269708e+06  1.00000000e-10
2.31000000e-08  0.00000000e+00  5.31100926e+06  -5.63550846e+06  1.00000000e-10
2.32000000e-08  0.00000000e+00  5.37329448e+06  -5.70898978e+06  1.00000000e-10
2.33000000e-08  0.00000000e+00  5.43604773e+06  -5.78314461e+06  1.00000000e-10
2.34000000e-08  0.00000000e+00  5.49927106e+06  -5.85797883e+06  1.00000000e-10
2.35000000e-08  0.00000000e+00  5.56296429e+06  -5.93349611e+06  1.00000000e-10
2.36000000e-08  0.00000000e+00  5.62712947e+06  -6.00970246e+06  1.00000000e-10
2.37000000e-08  0.00000000e+00  5.69176638e+06  -6.08660163e+06  1.00000000e-10
2.38000000e-08  0.00000000e+00  5.75687709e+06  -6.16419976e+06  1.00000000e-10
2.39000000e-08  0.00000000e+00  5.82246138e+06  -6.24250071e+06  1.00000000e-10
2.40000000e-08  0.00000000e+00  5.88852136e+06  -6.32151076e+06  1.00000000e-10
2.41000000e-08  0.00000000e+00  5.95505679e+06  -6.40123385e+06  1.00000000e-10
2.42000000e-08  0.00000000e+00  6.02206988e+06  -6.48167641e+06  1.00000000e-10
2.43000000e-08  0.00000000e+00  6.08956039e+06  -6.56284248e+06  1.00000000e-10
2.44000000e-08  0.00000000e+00  6.15753062e+06  -6.64473864e+06  1.00000000e-10
2.45000000e-08  0.00000000e+00  6.22598040e+06  -6.72736904e+06  1.00000000e-10
2.46000000e-08  0.00000000e+00  6.29491211e+06  -6.81074039e+06  1.00000000e-10
2.47000000e-08  0.00000000e+00  6.36432567e+06  -6.89485698e+06  1.00000000e-10
2.48000000e-08  0.00000000e+00  6.43422359e+06  -6.97972566e+06  1.00000000e-10
2.49000000e-08  0.00000000e+00  6.50460589e+06  -7.06535082e+06  1.00000000e-10
2.50000000e-08  0.00000000e+00  6.57547523e+06  -7.15173949e+06  1.00000000e-10
2.51000000e-08  0.00000000e+00  6.64683176e+06  -7.23889616e+06  1.00000000e-10
2.52000000e-08  0.00000000e+00  6.71867833e+06  -7.32682805e+06  1.00000000e-10
2.53000000e-08  0.00000000e+00  6.79101522e+06  -7.41553976e+06  1.00000000e-10
2.54000000e-08  0.00000000e+00  6.86384552e+06  -7.50503866e+06  1.00000000e-10
2.55000000e-08  0.00000000e+00  6.93716967e+06  -7.59532950e+06  1.00000000e-10
2.56000000e-08  0.00000000e+00  7.01099099e+06  -7.68641982e+06  1.00000000e-10
2.57000000e-08  0.00000000e+00  7.08531014e+06  -7.77831450e+06  1.00000000e-10
2.58000000e-08  0.00000000e+00  7.16013070e+06  -7.87102126e+06  1.00000000e-10
2.59000000e-08  0.00000000e+00  7.23545354e+06  -7.96454509e+06  1.00000000e-10
2.60000000e-08  0.00000000e+00  7.31128255e+06  -8.05889394e+06  1.00000000e-10
2.61000000e-08  0.00000000e+00  7.38761886e+06  -8.15407292e+06  1.00000000e-10
2.62000000e-08  0.00000000e+00  7.46446667e+06  -8.25009017e+06  1.00000000e-10
2.63000000e-08  0.00000000e+00  7.54182740e+06  -8.34695094e+06  1.00000000e-10
2.64000000e-08  0.00000000e+00  7.61970558e+06  -8.44466357e+06  1.00000000e-10
2.65000000e-08  0.00000000e+00  7.69810294e+06  -8.54323347e+06  1.00000000e-10
2.66000000e-08  0.00000000e+00  7.77702439e+06  -8.64266917e+06  1.00000000e-10
2.67000000e-08  0.00000000e+00  7.85647199e+06  -8.74297624e+06  1.00000000e-10
2.68000000e-08  0.00000000e+00  7.93645105e+06  -8.84416342e+06  1.00000000e-10
2.69000000e-08  0.00000000e+00  8.01696398e+06  -8.94623644e+06  1.00000000e-10
2.70000000e-08  0.00000000e+00  8.09801652e+06  -9.04920426e+06  1.00000000e-10
2.71000000e-08  0.00000000e+00  8.17961145e+06  -9.15307277e+06  1.00000000e-10
2.72000000e-08  0.00000000e+00  8.26175497e+06  -9.25785116e+06  1.00000000e-10
2.73000000e-08  0.00000000e+00  8.34445028e+06  -9.36354548e+06  1.00000000e-10
2.74000000e-08  0.00000000e+00  8.42770405e+06  -9.47016515e+06  1.00000000e-10
2.75000000e-08  0.00000000e+00  8.51151992e+06  -9.57771641e+06  1.00000000e-10
2.76000000e-08  0.00000000e+00  8.59590508e+06  -9.68620892e+06  1.00000000e-10
2.77000000e-08  0.00000000e+00  8.68086363e+06  -9.79564908e+06  1.00000000e-10
2.78000000e-08  0.00000000e+00  8.76640330e+06  -9.90604681e+06  1.00000000e-10
2.79000000e-08  0.00000000e+00  8.85252865e+06  -1.00174087e+07  1.00000000e-10
2.80000000e-08  0.00000000e+00  8.93924798e+06  -1.01297449e+07  1.00000000e-10
2.81000000e-08  0.00000000e+00  9.02656637e+06  -1.02430623e+07  1.00000000e-10
2.82000000e-08  0.00000000e+00  9.11449267e+06  -1.03573711e+07  1.00000000e-10
2.83000000e-08  0.00000000e+00  9.20303248e+06  -1.04726785e+07  1.00000000e-10
2.84000000e-08  0.00000000e+00  9.29219526e+06  -1.05889952e+07  1.00000000e-10
2.85000000e-08  0.00000000e+00  9.38198705e+06  -1.07063283e+07  1.00000000e-10
2.86000000e-08  0.00000000e+00  9.47241786e+06  -1.08246887e+07  1.00000000e-10
2.87000000e-08  0.00000000e+00  9.56349421e+06  -1.09440840e+07  1.00000000e-10
2.88000000e-08  0.00000000e+00  9.65522664e+06  -1.10645254e+07  1.00000000e-10
2.89000000e-08  0.00000000e+00  9.74762213e+06  -1.11860205e+07  1.00000000e-10
2.90000000e-08  0.00000000e+00  9.84069177e+06  -1.13085809e+07  1.00000000e-10
2.91000000e-08  0.00000000e+00  9.93444305e+06  -1.14322144e+07  1.00000000e-10
2.92000000e-08  0.00000000e+00  1.00288877e+07  -1.15569329e+07  1.00000000e-10
2.93000000e-08  0.00000000e+00  1.01240336e+07  -1.16827445e+07  1.00000000e-10
2.94000000e-08  0.00000000e+00  1.02198931e+07  -1.18096615e+07  1.00000000e-10
2.95000000e-08  0.00000000e+00  1.03164747e+07  -1.19376921e+07  1.00000000e-10
2.96000000e-08  0.00000000e+00  1.04137913e+07  -1.20668488e+07  1.00000000e-10
2.97000000e-08  0.00000000e+00  1.05118519e+07  -1.21971403e+07  1.00000000e-10
2.98000000e-08  0.00000000e+00  1.06106701e+07  -1.23285795e+07  1.00000000e-10
2.99000000e-08  0.00000000e+00  1.07102553e+07  -1.24611751e+07  1.00000000e-10
3.00000000e-08  0.00000000e+00  1.08106216e+07  -1.25949404e+07  1.00000000e-10
3.01000000e-08  0.00000000e+00  1.09117792e+07  -1.27298845e+07  1.00000000e-10
3.02000000e-08  0.00000000e+00  1.10137426e+07  -1.28660210e+07  1.00000000e-10
3.03000000e-08  0.00000000e+00  1.11165226e+07  -1.30033593e+07  1.00000000e-10
3.04000000e-08  0.00000000e+00  1.12201343e+07  -1.31419133e+07  1.00000000e-10
3.05000000e-08  0.00000000e+00  1.13245888e+07  -1.32816928e+07  1.00000000e-10
3.06000000e-08  0.00000000e+00  1.14299020e+07  -1.34227121e+07  1.00000000e-10
3.07000000e-08  0.00000000e+00  1.15360853e+07  -1.35649811e+07  1.00000000e-10
3.08000000e-08  0.00000000e+00  1.16431552e+07  -1.37085147e+07  1.00000000e-10
3.09000000e-08  0.00000000e+00  1.17511237e+07  -1.38533231e+07  1.00000000e-10
3.10000000e-08  0.00000000e+00  1.18600075e+07  -1.39994215e+07  1.00000000e-10
3.11000000e-08  0.00000000e+00  1.19698192e+07  -1.41468206e+07  1.00000000e-10
3.12000000e-08  0.00000000e+00  1.20805762e+07  -1.42955358e+07  1.00000000e-10
3.13000000e-08  0.00000000e+00  1.21922911e+07  -1.44455782e+07  1.00000000e-10
3.14000000e-08  0.00000000e+00  1.23049820e+07  -1.45969638e+07  1.00000000e-10
3.15000000e-08  0.00000000e+00  1.24186617e+07  -1.47497040e+07  1.00000000e-10
3.16000000e-08  0.00000000e+00  1.25333486e+07  -1.49038151e+07  1.00000000e-10
3.17000000e-08  0.00000000e+00  1.26490558e+07  -1.50593090e+07  1.00000000e-10
3.18000000e-08  0.00000000e+00  1.27658018e+07  -1.52162025e+07  1.00000000e-10
3.19000000e-08  0.00000000e+00  1.28836000e+07  -1.53745076e+07  1.00000000e-10
3.20000000e-08  0.00000000e+00  1.30024692e+07  -1.55342420e+07  1.00000000e-10
3.21000000e-08  0.00000000e+00  1.31224228e+07  -1.56954179e+07  1.00000000e-10
3.22000000e-08  0.00000000e+00  1.32434798e+07  -1.58580535e+07  1.00000000e-10
3.23000000e-08  0.00000000e+00  1.33656538e+07  -1.60221614e+07  1.00000000e-10
3.24000000e-08  0.00000000e+00  1.34889639e+07  -1.61877602e+07  1.00000000e-10
3.25000000e-08  0.00000000e+00  1.36134238e+07  -1.63548632e+07  1.00000000e-10
3.26000000e-08  0.00000000e+00  1.37390528e+07  -1.65234894e+07  1.00000000e-10
3.27000000e-08  0.00000000e+00  1.38658643e+07  -1.66936525e+07  1.00000000e-10
3.28000000e-08  0.00000000e+00  1.39938777e+07  -1.68653722e+07  1.00000000e-10
3.29000000e-08  0.00000000e+00  1.41231061e+07  -1.70386625e+07  1.00000000e-10
3.30000000e-08  0.00000000e+00  1.42535688e+07  -1.72135437e+07  1.00000000e-10
3.31000000e-08  0.00000000e+00  1.43852788e+07  -1.73900304e+07  1.00000000e-10
3.32000000e-08  0.00000000e+00  1.45182552e+07  -1.75681434e+07  1.00000000e-10
3.33000000e-08  0.00000000e+00  1.46525108e+07  -1.77478978e+07  1.00000000e-10
3.34000000e-08  0.00000000e+00  1.47880643e+07  -1.79293151e+07  1.00000000e-10
3.35000000e-08  0.00000000e+00  1.49249284e+07  -1.81124108e+07  1.00000000e-10
3.36000000e-08  0.00000000e+00  1.50631217e+07  -1.82972071e+07  1.00000000e-10
3.37000000e-08  0.00000000e+00  1.52026563e+07  -1.84837202e+07  1.00000000e-10
3.38000000e-08  0.00000000e+00  1.53435507e+07  -1.86719728e+07  1.00000000e-10
3.39000000e-08  0.00000000e+00  1.54858168e+07  -1.88619816e+07  1.00000000e-10
3.40000000e-08  0.00000000e+00  1.56294728e+07  -1.90537701e+07  1.00000000e-10
3.41000000e-08  0.00000000e+00  1.57745303e+07  -1.92473556e+07  1.00000000e-10
3.42000000e-08  0.00000000e+00  1.59210074e+07  -1.94427624e+07  1.00000000e-10
3.43000000e-08  0.00000000e+00  1.60689154e+07  -1.96400082e+07  1.00000000e-10
3.44000000e-08  0.00000000e+00  1.62182723e+07  -1.98391182e+07  1.00000000e-10
3.45000000e-08  0.00000000e+00  1.63690889e+07  -2.00401107e+07  1.00000000e-10
3.46000000e-08  0.00000000e+00  1.65213833e+07  -2.02430117e+07  1.00000000e-10
3.47000000e-08  0.00000000e+00  1.66751662e+07  -2.04478402e+07  1.00000000e-10
3.48000000e-08  0.00000000e+00  1.68304556e+07  -2.06546229e+07  1.00000000e-10
3.49000000e-08  0.00000000e+00  1.69872618e+07  -2.08633795e+07  1.00000000e-10
3.50000000e-08  0.00000000e+00  1.71456031e+07  -2.10741377e+07  1.00000000e-10
3.51000000e-08  0.00000000e+00  1.73054897e+07  -2.12869179e+07  1.00000000e-10
3.52000000e-08  0.00000000e+00  1.74669398e+07  -2.15017486e+07  1.00000000e-10
3.53000000e-08  0.00000000e+00  1.76299637e+07  -2.17186508e+07  1.00000000e-10
3.54000000e-08  0.00000000e+00  1.77945800e+07  -2.19376542e+07  1.00000000e-10
3.55000000e-08  0.00000000e+00  1.79607989e+07  -2.21587806e+07  1.00000000e-10
3.56000000e-08  0.00000000e+00  1.81286395e+07  -2.23820604e+07  1.00000000e-10
3.57000000e-08  0.00000000e+00  1.82981122e+07  -2.26075164e+07  1.00000000e-10
3.58000000e-08  0.00000000e+00  1.84692363e+07  -2.28351800e+07  1.00000000e-10
3.59000000e-08  0.00000000e+00  1.86420229e+07  -2.30650748e+07  1.00000000e-10
3.60000000e-08  0.00000000e+00  1.88164917e+07  -2.32972333e+07  1.00000000e-10
3.61000000e-08  0.00000000e+00  1.89926541e+07  -2.35316799e+07  1.00000000e-10
3.62000000e-08  0.00000000e+00  1.91705306e+07  -2.37684484e+07  1.00000000e-10
3.63000000e-08  0.00000000e+00  1.93501329e+07  -2.40075639e+07  1.00000000e-10
3.64000000e-08  0.00000000e+00  1.95314824e+07  -2.42490614e+07  1.00000000e-10
3.65000000e-08  0.00000000e+00  1.97145916e+07  -2.44929671e+07  1.00000000e-10
3.66000000e-08  0.00000000e+00  1.98994826e+07  -2.47393171e+07  1.00000000e-10
3.67000000e-08  0.00000000e+00  2.00861685e+07  -2.49881386e+07  1.00000000e-10
3.68000000e-08  0.00000000e+00  2.02746727e+07  -2.52394691e+07  1.00000000e-10
3.69000000e-08  0.00000000e+00  2.04650089e+07  -2.54933368e+07  1.00000000e-10
3.70000000e-08  0.00000000e+00  2.06572017e+07  -2.57497804e+07  1.00000000e-10
3.71000000e-08  0.00000000e+00  2.08512659e+07  -2.60088292e+07  1.00000000e-10
3.72000000e-08  0.00000000e+00  2.10472271e+07  -2.62705235e+07  1.00000000e-10
3.73000000e-08  0.00000000e+00  2.12451014e+07  -2.65348936e+07  1.00000000e-10
3.74000000e-08  0.00000000e+00  2.14449157e+07  -2.68019814e+07  1.00000000e-10
3.75000000e-08  0.00000000e+00  2.16466873e+07  -2.70718182e+07  1.00000000e-10
3.76000000e-08  0.00000000e+00  2.18504449e+07  -2.73444475e+07  1.00000000e-10
3.77000000e-08  0.00000000e+00  2.20562068e+07  -2.76199020e+07  1.00000000e-10
3.78000000e-08  0.00000000e+00  2.22640036e+07  -2.78982267e+07  1.00000000e-10
3.79000000e-08  0.00000000e+00  2.24738551e+07  -2.81794557e+07  1.00000000e-10
3.80000000e-08  0.00000000e+00  2.26857938e+07  -2.84636355e+07  1.00000000e-10
3.81000000e-08  0.00000000e+00  2.28998410e+07  -2.87508018e+07  1.00000000e-10
3.82000000e-08  0.00000000e+00  2.31160312e+07  -2.90410028e+07  1.00000000e-10
3.83000000e-08  0.00000000e+00  2.33343876e+07  -2.93342756e+07  1.00000000e-10
3.84000000e-08  0.00000000e+00  2.35549466e+07  -2.96306704e+07  1.00000000e-10
3.85000000e-08  0.00000000e+00  2.37777334e+07  -2.99302257e+07  1.00000000e-10
3.86000000e-08  0.00000000e+00  2.40027868e+07  -3.02329937e+07  1.00000000e-10
3.87000000e-08  0.00000000e+00  2.42301338e+07  -3.05390146e+07  1.00000000e-10
3.88000000e-08  0.00000000e+00  2.44598157e+07  -3.08483427e+07  1.00000000e-10
3.89000000e-08  0.00000000e+00  2.46918617e+07  -3.11610196e+07  1.00000000e-10
3.90000000e-08  0.00000000e+00  2.49263157e+07  -3.14771020e+07  1.00000000e-10
3.91000000e-08  0.00000000e+00  2.51632091e+07  -3.17966334e+07  1.00000000e-10
3.92000000e-08  0.00000000e+00  2.54025885e+07  -3.21196725e+07  1.00000000e-10
3.93000000e-08  0.00000000e+00  2.56444877e+07  -3.24462648e+07  1.00000000e-10
3.94000000e-08  0.00000000e+00  2.58889563e+07  -3.27764714e+07  1.00000000e-10
3.95000000e-08  0.00000000e+00  2.61360304e+07  -3.31103399e+07  1.00000000e-10
3.96000000e-08  0.00000000e+00  2.63857627e+07  -3.34479338e+07  1.00000000e-10
3.97000000e-08  0.00000000e+00  2.66381922e+07  -3.37893028e+07  1.00000000e-10
3.98000000e-08  0.00000000e+00  2.68933747e+07  -3.41345131e+07  1.00000000e-10
3.99000000e-08  0.00000000e+00  2.71513518e+07  -3.44836166e+07  1.00000000e-10
4.00000000e-08  0.00000000e+00  2.74121830e+07  -3.48366823e+07  1.00000000e-10
4.01000000e-08  0.00000000e+00  2.76759127e+07  -3.51937644e+07  1.00000000e-10
4.02000000e-08  0.00000000e+00  2.79426038e+07  -3.55549349e+07  1.00000000e-10
4.03000000e-08  0.00000000e+00  2.82123038e+07  -3.59202504e+07  1.00000000e-10
4.04000000e-08  0.00000000e+00  2.84850794e+07  -3.62897863e+07  1.00000000e-10
4.05000000e-08  0.00000000e+00  2.87609809e+07  -3.66636014e+07  1.00000000e-10
4.06000000e-08  0.00000000e+00  2.90400790e+07  -3.70417745e+07  1.00000000e-10
4.07000000e-08  0.00000000e+00  2.93224274e+07  -3.74243673e+07  1.00000000e-10
4.08000000e-08  0.00000000e+00  2.96081007e+07  -3.78114621e+07  1.00000000e-10
4.09000000e-08  0.00000000e+00  2.98971561e+07  -3.82031233e+07  1.00000000e-10
4.10000000e-08  0.00000000e+00  3.01896727e+07  -3.85994371e+07  1.00000000e-10
4.11000000e-08  0.00000000e+00  3.04857108e+07  -3.90004708e+07  1.00000000e-10
4.12000000e-08  0.00000000e+00  3.07853543e+07  -3.94063147e+07  1.00000000e-10
4.13000000e-08  0.00000000e+00  3.10886672e+07  -3.98170391e+07  1.00000000e-10
4.14000000e-08  0.00000000e+00  3.13957382e+07  -4.02327387e+07  1.00000000e-10
4.15000000e-08  0.00000000e+00  3.17066351e+07  -4.06534871e+07  1.00000000e-10
4.16000000e-08  0.00000000e+00  3.20214515e+07  -4.10793836e+07  1.00000000e-10
4.17000000e-08  0.00000000e+00  3.23402624e+07  -4.15105052e+07  1.00000000e-10
4.18000000e-08  0.00000000e+00  3.26631636e+07  -4.19469561e+07  1.00000000e-10
4.19000000e-08  0.00000000e+00  3.29902313e+07  -4.23888170e+07  1.00000000e-10
4.20000000e-08  0.00000000e+00  3.33215702e+07  -4.28361973e+07  1.00000000e-10
4.21000000e-08  0.00000000e+00  3.36572638e+07  -4.32891815e+07  1.00000000e-10
4.22000000e-08  0.00000000e+00  3.39974194e+07  -4.37478848e+07  1.00000000e-10
4.23000000e-08  0.00000000e+00  3.43421222e+07  -4.42123957e+07  1.00000000e-10
4.24000000e-08  0.00000000e+00  3.46914890e+07  -4.46828352e+07  1.00000000e-10
4.25000000e-08  0.00000000e+00  3.50456096e+07  -4.51592963e+07  1.00000000e-10
4.26000000e-08  0.00000000e+00  3.54046130e+07  -4.56419064e+07  1.00000000e-10
4.27000000e-08  0.00000000e+00  3.57686014e+07  -4.61307631e+07  1.00000000e-10
4.28000000e-08  0.00000000e+00  3.61377131e+07  -4.66260007e+07  1.00000000e-10
4.29000000e-08  0.00000000e+00  3.65120552e+07  -4.71277215e+07  1.00000000e-10
4.30000000e-08  0.00000000e+00  3.68917739e+07  -4.76360674e+07  1.00000000e-10
4.31000000e-08  0.00000000e+00  3.72769814e+07  -4.81511457e+07  1.00000000e-10
4.32000000e-08  0.00000000e+00  3.76678318e+07  -4.86731064e+07  1.00000000e-10
4.33000000e-08  0.00000000e+00  3.80644426e+07  -4.92020623e+07  1.00000000e-10
4.34000000e-08  0.00000000e+00  3.84669765e+07  -4.97381719e+07  1.00000000e-10
4.35000000e-08  0.00000000e+00  3.88755568e+07  -5.02815539e+07  1.00000000e-10
4.36000000e-08  0.00000000e+00  3.92903550e+07  -5.08323762e+07  1.00000000e-10
4.37000000e-08  0.00000000e+00  3.97115004e+07  -5.13907639e+07  1.00000000e-10
4.38000000e-08  0.00000000e+00  4.01391743e+07  -5.19568950e+07  1.00000000e-10
4.39000000e-08  0.00000000e+00  4.05735120e+07  -5.25309012e+07  1.00000000e-10
4.40000000e-08  0.00000000e+00  4.10147054e+07  -5.31129717e+07  1.00000000e-10
4.41000000e-08  0.00000000e+00  4.14628966e+07  -5.37032457e+07  1.00000000e-10
4.42000000e-08  0.00000000e+00  4.19182886e+07  -5.43019243e+07  1.00000000e-10
4.43000000e-08  0.00000000e+00  4.23810307e+07  -5.49091547e+07  1.00000000e-10
4.44000000e-08  0.00000000e+00  4.28513383e+07  -5.55251512e+07  1.00000000e-10
4.45000000e-08  0.00000000e+00  4.33293685e+07  -5.61500698e+07  1.00000000e-10
4.46000000e-08  0.00000000e+00  4.38153499e+07  -5.67841393e+07  1.00000000e-10
4.47000000e-08  0.00000000e+00  4.43094485e+07  -5.74275253e+07  1.00000000e-10
4.48000000e-08  0.00000000e+00  4.48119071e+07  -5.80804721e+07  1.00000000e-10
4.49000000e-08  0.00000000e+00  4.53229015e+07  -5.87431565e+07  1.00000000e-10
4.50000000e-08  0.00000000e+00  4.58426903e+07  -5.94158396e+07  1.00000000e-10
4.51000000e-08  0.00000000e+00  4.63714599e+07  -6.00987102e+07  1.00000000e-10
4.52000000e-08  0.00000000e+00  4.69094865e+07  -6.07920483e+07  1.00000000e-10
4.53000000e-08  0.00000000e+00  4.74569682e+07  -6.14960559e+07  1.00000000e-10
4.54000000e-08  0.00000000e+00  4.80142004e+07  -6.22110335e+07  1.00000000e-10
4.55000000e-08  0.00000000e+00  4.85813945e+07  -6.29371981e+07  1.00000000e-10
4.56000000e-08  0.00000000e+00  4.91588671e+07  -6.36748728e+07  1.00000000e-10
4.57000000e-08  0.00000000e+00  4.97468445e+07  -6.44242908e+07  1.00000000e-10
4.58000000e-08  0.00000000e+00  5.03456666e+07  -6.51858007e+07  1.00000000e-10
4.59000000e-08  0.00000000e+00  5.09555765e+07  -6.59596535e+07  1.00000000e-10
4.60000000e-08  0.00000000e+00  5.15769405e+07  -6.67462257e+07  1.00000000e-10
4.61000000e-08  0.00000000e+00  5.22100199e+07  -6.75457887e+07  1.00000000e-10
4.62000000e-08  0.00000000e+00  5.28552104e+07  -6.83587498e+07  1.00000000e-10
4.63000000e-08  0.00000000e+00  5.35127943e+07  -6.91854030e+07  1.00000000e-10
4.64000000e-08  0.00000000e+00  5.41832002e+07  -7.00261900e+07  1.00000000e-10
4.65000000e-08  0.00000000e+00  5.48667340e+07  -7.08814301e+07  1.00000000e-10
4.66000000e-08  0.00000000e+00  5.55638610e+07  -7.17516037e+07  1.00000000e-10
4.67000000e-08  0.00000000e+00  5.62749245e+07  -7.26370583e+07  1.00000000e-10
4.68000000e-08  0.00000000e+00  5.70004208e+07  -7.35383176e+07  1.00000000e-10
4.69000000e-08  0.00000000e+00  5.77407134e+07  -7.44557612e+07  1.00000000e-10
4.70000000e-08  0.00000000e+00  5.84963564e+07  -7.53899617e+07  1.00000000e-10
4.71000000e-08  0.00000000e+00  5.92677362e+07  -7.63413348e+07  1.00000000e-10
4.72000000e-08  0.00000000e+00  6.00554729e+07  -7.73105083e+07  1.00000000e-10
4.73000000e-08  0.00000000e+00  6.08600047e+07  -7.82979393e+07  1.00000000e-10
4.74000000e-08  0.00000000e+00  6.16820011e+07  -7.93043180e+07  1.00000000e-10
4.75000000e-08  0.00000000e+00  6.25219462e+07  -8.03301485e+07  1.00000000e-10
4.76000000e-08  0.00000000e+00  6.33805798e+07  -8.13761927e+07  1.00000000e-10
4.77000000e-08  0.00000000e+00  6.42584391e+07  -8.24430081e+07  1.00000000e-10
4.78000000e-08  0.00000000e+00  6.51563449e+07  -8.35314386e+07  1.00000000e-10
4.79000000e-08  0.00000000e+00  6.60748957e+07  -8.46421036e+07  1.00000000e-10
4.80000000e-08  0.00000000e+00  6.70150065e+07  -8.57759413e+07  1.00000000e-10
4.81000000e-08  0.00000000e+00  6.79773468e+07  -8.69336423e+07  1.00000000e-10
4.82000000e-08  0.00000000e+00  6.89629413e+07  -8.81162545e+07  1.00000000e-10
4.83000000e-08  0.00000000e+00  6.99725426e+07  -8.93245514e+07  1.00000000e-10
4.84000000e-08  0.00000000e+00  7.10073042e+07  -9.05597090e+07  1.00000000e-10
4.85000000e-08  0.00000000e+00  7.20680766e+07  -9.18225979e+07  1.00000000e-10
4.86000000e-08  0.00000000e+00  7.31561651e+07  -9.31145449e+07  1.00000000e-10
4.87000000e-08  0.00000000e+00  7.42725369e+07  -9.44365355e+07  1.00000000e-10
4.88000000e-08  0.00000000e+00  7.54186777e+07  -9.57900751e+07  1.00000000e-10
4.89000000e-08  0.00000000e+00  7.65956946e+07  -9.71762868e+07  1.00000000e-10
4.90000000e-08  0.00000000e+00  7.78052899e+07  -9.85968895e+07  1.00000000e-10
4.91000000e-08  0.00000000e+00  7.90487398e+07  -1.00053172e+08  1.00000000e-10
4.92000000e-08  0.00000000e+00  8.03280084e+07  -1.01547111e+08  1.00000000e-10
4.93000000e-08  0.00000000e+00  8.16445785e+07  -1.03080197e+08  1.00000000e-10
4.94000000e-08  0.00000000e+00  8.30007345e+07  -1.04654721e+08  1.00000000e-10
4.95000000e-08  0.00000000e+00  8.43982136e+07  -1.06272422e+08  1.00000000e-10
4.96000000e-08  0.00000000e+00  8.58396953e+07  -1.07935979e+08  1.00000000e-10
4.97000000e-08  0.00000000e+00  8.73272352e+07  -1.09647439e+08  1.00000000e-10
4.98000000e-08  0.00000000e+00  8.88640076e+07  -1.11409965e+08  1.00000000e-10
4.99000000e-08  0.00000000e+00  9.04524699e+07  -1.13225996e+08  1.00000000e-10
5.00000000e-08  0.00000000e+00  9.20964242e+07  -1.15099309e+08  1.00000000e-10
5.01000000e-08  0.00000000e+00  9.37988448e+07  -1.17032842e+08  1.00000000e-10
5.02000000e-08  0.00000000e+00  9.55643437e+07  -1.19031166e+08  1.00000000e-10
5.03000000e-08  0.00000000e+00  9.73965679e+07  -1.21097870e+08  1.00000000e-10
5.04000000e-08  0.00000000e+00  9.93011927e+07  -1.23238563e+08  1.00000000e-10
5.05000000e-08  0.00000000e+00  1.01282759e+08  -1.25457700e+08  1.00000000e-10
5.06000000e-08  0.00000000e+00  1.03348367e+08  -1.27762282e+08  1.00000000e-10
5.07000000e-08  0.00000000e+00  1.05503769e+08  -1.30157936e+08  1.00000000e-10
5.08000000e-08  0.00000000e+00  1.07758025e+08  -1.32653579e+08  1.00000000e-10
5.09000000e-08  0.00000000e+00  1.10118570e+08  -1.35256467e+08  1.00000000e-10
5.10000000e-08  0.00000000e+00  1.12597223e+08  -1.37978217e+08  1.00000000e-10
5.11000000e-08  0.00000000e+00  1.15203825e+08  -1.40828415e+08  1.00000000e-10
5.12000000e-08  0.00000000e+00  1.17954201e+08  -1.43822599e+08  1.00000000e-10
5.13000000e-08  0.00000000e+00  1.20861728e+08  -1.46973784e+08  1.00000000e-10
5.14000000e-08  0.00000000e+00  1.23948208e+08  -1.50290129e+08  1.00000000e-10
5.15000000e-08  0.00000000e+00  1.27232338e+08  -1.53784544e+08  1.00000000e-10
5.16000000e-08  0.00000000e+00  1.30745024e+08  -1.57470634e+08  1.00000000e-10
5.17000000e-08  0.00000000e+00  1.34513122e+08  -1.61372195e+08  1.00000000e-10
5.18000000e-08  0.00000000e+00  1.38581536e+08  -1.65498504e+08  1.00000000e-10
5.19000000e-08  0.00000000e+00  1.42989532e+08  -1.69880384e+08  1.00000000e-10
5.20000000e-08  0.00000000e+00  1.47802702e+08  -1.74506128e+08  1.00000000e-10
5.21000000e-08  0.00000000e+00  1.53077827e+08  -1.79410889e+08  1.00000000e-10
5.22000000e-08  0.00000000e+00  1.59201997e+08  -1.84518357e+08  1.00000000e-10
5.23000000e-08  0.00000000e+00  1.66573448e+08  -1.89857749e+08  1.00000000e-10
5.24000000e-08  0.00000000e+00  1.74862960e+08  -1.95203391e+08  1.00000000e-10
5.25000000e-08  0.00000000e+00  1.84176901e+08  -2.00565344e+08  1.00000000e-10
5.26000000e-08  0.00000000e+00  1.94670658e+08  -2.05452455e+08  1.00000000e-10
5.27000000e-08  0.00000000e+00  2.06437723e+08  -2.09858031e+08  1.00000000e-10
5.28000000e-08  0.00000000e+00  2.19613464e+08  -2.12903641e+08  1.00000000e-10
5.29000000e-08  0.00000000e+00  2.34254605e+08  -2.14613107e+08  1.00000000e-10
5.30000000e-08  0.00000000e+00  2.50438246e+08  -2.13642236e+08  1.00000000e-10
5.31000000e-08  0.00000000e+00  2.68138562e+08  -2.10204944e+08  1.00000000e-10
5.32000000e-08  0.00000000e+00  2.87327617e+08  -2.02578226e+08  1.00000000e-10
5.33000000e-08  0.00000000e+00  3.07861929e+08  -1.91528934e+08  1.00000000e-10
5.34000000e-08  0.00000000e+00  3.29567229e+08  -1.75355304e+08  1.00000000e-10
5.35000000e-08  0.00000000e+00  3.52160388e+08  -1.55905210e+08  1.00000000e-10
5.36000000e-08  0.00000000e+00  3.75321095e+08  -1.32148176e+08  1.00000000e-10
5.37000000e-08  0.00000000e+00  3.98670761e+08  -1.07271353e+08  1.00000000e-10
5.38000000e-08  0.00000000e+00  4.21816936e+08  -8.12479813e+07  1.00000000e-10
5.39000000e-08  0.00000000e+00  4.44393813e+08  -5.78116520e+07  1.00000000e-10
5.40000000e-08  0.00000000e+00  4.66059655e+08  -3.72260286e+07  1.00000000e-10
5.41000000e-08  0.00000000e+00  4.86539578e+08  -2.19029751e+07  1.00000000e-10
5.42000000e-08  0.00000000e+00  5.15136620e+08  -1.11403696e+07  1.00000000e-10
5.43000000e-08  0.00000000e+00  5.45922418e+08  -4.96085220e+06  1.00000000e-10
5.44000000e-08  0.00000000e+00  5.77855307e+08  -1.77353543e+06  1.00000000e-10
5.45000000e-08  0.00000000e+00  6.13430700e+08  -7.93623147e+05  1.00000000e-10
5.46000000e-08  0.00000000e+00  6.52920758e+08  -1.05352956e+06  1.00000000e-10
5.47000000e-08  0.00000000e+00  6.96525630e+08  -1.36220751e+06  1.00000000e-10
5.48000000e-08  0.00000000e+00  7.44540798e+08  -1.72386636e+06  1.00000000e-10
5.49000000e-08  0.00000000e+00  7.97172051e+08  -2.14956533e+06  1.00000000e-10
5.50000000e-08  0.00000000e+00  8.49058304e+08  -3.53748694e+04  1.00000000e-10
5.51000000e-08  0.00000000e+00  9.00151227e+08  -3.51211890e+04  1.00000000e-10
5.52000000e-08  0.00000000e+00  9.50418092e+08  -3.48476699e+04  1.00000000e-10
5.53000000e-08  0.00000000e+00  9.99827618e+08  -3.45540184e+04  1.00000000e-10
5.54000000e-08  0.00000000e+00  1.04835000e+09  -3.42399521e+04  1.00000000e-10
5.55000000e-08  0.00000000e+00  1.09595695e+09  -3.39052008e+04  1.00000000e-10
5.56000000e-08  0.00000000e+00  1.14262170e+09  -3.35495067e+04  1.00000000e-10
5.57000000e-08  0.00000000e+00  1.18831907e+09  -3.31726250e+04  1.00000000e-10
5.58000000e-08  0.00000000e+00  1.23302544e+09  -3.27743239e+04  1.00000000e-10
5.59000000e-08  0.00000000e+00  1.27671879e+09  -3.23543847e+04  1.00000000e-10
5.60000000e-08  0.00000000e+00  1.31937871e+09  -3.19126035e+04  1.00000000e-10
5.61000000e-08  0.00000000e+00  1.36098641e+09  -3.14487901e+04  1.00000000e-10
5.62000000e-08  0.00000000e+00  1.40152472e+09  -3.09627695e+04  1.00000000e-10
5.63000000e-08  0.00000000e+00  1.44097809e+09  -3.04543810e+04  1.00000000e-10
5.64000000e-08  0.00000000e+00  1.47933259e+09  -2.99234795e+04  1.00000000e-10
5.65000000e-08  0.00000000e+00  1.51657592e+09  -1.90049862e+06  1.00000000e-10
5.66000000e-08  0.00000000e+00  1.55269738e+09  -5.64596160e+06  1.00000000e-10
5.67000000e-08  0.00000000e+00  1.58768786e+09  -9.57507692e+06  1.00000000e-10
5.68000000e-08  0.00000000e+00  1.62153984e+09  -1.36788839e+07  1.00000000e-10
5.69000000e-08  0.00000000e+00  1.65424735e+09  -1.79477319e+07  1.00000000e-10
5.70000000e-08  0.00000000e+00  1.68580599e+09  -2.23713207e+07  1.00000000e-10
5.71000000e-08  0.00000000e+00  1.71621285e+09  -2.69387413e+07  1.00000000e-10
5.72000000e-08  0.00000000e+00  1.74546653e+09  -3.16385169e+07  1.00000000e-10
5.73000000e-08  0.00000000e+00  1.77356708e+09  -3.64586457e+07  1.00000000e-10
5.74000000e-08  0.00000000e+00  1.80051599e+09  -4.13866423e+07  1.00000000e-10
5.75000000e-08  0.00000000e+00  1.82631617e+09  -4.64095794e+07  1.00000000e-10
5.76000000e-08  0.00000000e+00  1.85097185e+09  -5.15141184e+07  1.00000000e-10
5.77000000e-08  0.00000000e+00  1.87448863e+09  -5.66865534e+07  1.00000000e-10
5.78000000e-08  0.00000000e+00  1.89687337e+09  -6.19128537e+07  1.00000000e-10
5.79000000e-08  0.00000000e+00  1.91813419e+09  -6.71787058e+07  1.00000000e-10
5.80000000e-08  0.00000000e+00  1.93828041e+09  -7.24695559e+07  1.00000000e-10
5.81000000e-08  0.00000000e+00  1.95732251e+09  -7.77743747e+07  1.00000000e-10
5.82000000e-08  0.00000000e+00  1.97526269e+09  -8.30825959e+07  1.00000000e-10
5.83000000e-08  0.00000000e+00  1.99210439e+09  -8.83833220e+07  1.00000000e-10
5.84000000e-08  0.00000000e+00  2.00785232e+09  -9.36653565e+07  1.00000000e-10
5.85000000e-08  0.00000000e+00  2.02251248e+09  -9.89172328e+07  1.00000000e-10
5.86000000e-08  0.00000000e+00  2.03609209e+09  -1.04127243e+08  1.00000000e-10
5.87000000e-08  0.00000000e+00  2.04859959e+09  -1.09283439e+08  1.00000000e-10
5.88000000e-08  0.00000000e+00  2.06004461e+09  -1.14373638e+08  1.00000000e-10
5.89000000e-08  0.00000000e+00  2.07043795e+09  -1.19385506e+08  1.00000000e-10
5.90000000e-08  0.00000000e+00  2.07979153e+09  -1.24306593e+08  1.00000000e-10
5.91000000e-08  0.00000000e+00  2.08811837e+09  -1.29124357e+08  1.00000000e-10
5.92000000e-08  0.00000000e+00  2.09543255e+09  -1.33826200e+08  1.00000000e-10
5.93000000e-08  0.00000000e+00  2.10174918e+09  -1.38399494e+08  1.00000000e-10
5.94000000e-08  0.00000000e+00  2.10708437e+09  -1.42831614e+08  1.00000000e-10
5.95000000e-08  0.00000000e+00  2.11145527e+09  -1.47109966e+08  1.00000000e-10
5.96000000e-08  0.00000000e+00  2.11488021e+09  -1.51222018e+08  1.00000000e-10
5.97000000e-08  0.00000000e+00  2.11737842e+09  -1.55155326e+08  1.00000000e-10
5.98000000e-08  0.00000000e+00  2.11896991e+09  -1.58897568e+08  1.00000000e-10
5.99000000e-08  0.00000000e+00  2.11967975e+09  -1.62434538e+08  1.00000000e-10
6.00000000e-08  0.00000000e+00  2.11953523e+09  -1.65751525e+08  1.00000000e-10
6.01000000e-08  0.00000000e+00  2.11856406e+09  -1.68834172e+08  1.00000000e-10
6.02000000e-08  0.00000000e+00  2.11679433e+09  -1.71668519e+08  1.00000000e-10
6.03000000e-08  0.00000000e+00  2.11425445e+09  -1.74240676e+08  1.00000000e-10
6.04000000e-08  0.00000000e+00  2.11097306e+09  -1.76536684e+08  1.00000000e-10
6.05000000e-08  0.00000000e+00  2.10697897e+09  -1.78543091e+08  1.00000000e-10
6.06000000e-08  0.00000000e+00  2.10230116e+09  -1.80246974e+08  1.00000000e-10
6.07000000e-08  0.00000000e+00  2.09696865e+09  -1.81635977e+08  1.00000000e-10
6.08000000e-08  0.00000000e+00  2.09101048e+09  -1.82698336e+08  1.00000000e-10
6.09000000e-08  0.00000000e+00  2.08445566e+09  -1.83422906e+08  1.00000000e-10
6.10000000e-08  0.00000000e+00  2.07733310e+09  -1.83799197e+08  1.00000000e-10
6.11000000e-08  0.00000000e+00  2.06967158e+09  -1.83817395e+08  1.00000000e-10
6.12000000e-08  0.00000000e+00  2.06149968e+09  -1.83468387e+08  1.00000000e-10
6.13000000e-08  0.00000000e+00  2.05284575e+09  -1.82743788e+08  1.00000000e-10
6.14000000e-08  0.00000000e+00  2.04373783e+09  -1.81635955e+08  1.00000000e-10
6.15000000e-08  0.00000000e+00  2.03420368e+09  -1.80138004e+08  1.00000000e-10
6.16000000e-08  0.00000000e+00  2.02874222e+09  -1.78243823e+08  1.00000000e-10
6.17000000e-08  0.00000000e+00  2.03458557e+09  -1.75948084e+08  1.00000000e-10
6.18000000e-08  0.00000000e+00  2.03992368e+09  -1.73246257e+08  1.00000000e-10
6.19000000e-08  0.00000000e+00  2.04475623e+09  -1.70134618e+08  1.00000000e-10
6.20000000e-08  0.00000000e+00  2.04908330e+09  -1.66610256e+08  1.00000000e-10
6.21000000e-08  0.00000000e+00  2.05290532e+09  -1.69776756e+08  1.00000000e-10
6.22000000e-08  0.00000000e+00  2.05622312e+09  -1.76697804e+08  1.00000000e-10
6.23000000e-08  0.00000000e+00  2.05903792e+09  -1.83633217e+08  1.00000000e-10
6.24000000e-08  0.00000000e+00  2.06135131e+09  -1.90571659e+08  1.00000000e-10
6.25000000e-08  0.00000000e+00  2.06316290e+09  -1.97501552e+08  1.00000000e-10
6.26000000e-08  0.00000000e+00  2.06447218e+09  -2.04411107e+08  1.00000000e-10
6.27000000e-08  0.00000000e+00  2.06527901e+09  -2.11287585e+08  1.00000000e-10
6.28000000e-08  0.00000000e+00  2.06558368e+09  -2.18117650e+08  1.00000000e-10
6.29000000e-08  0.00000000e+00  2.06538691e+09  -2.24887879e+08  1.00000000e-10
6.30000000e-08  0.00000000e+00  2.06468980e+09  -2.31584799e+08  1.00000000e-10
6.31000000e-08  0.00000000e+00  2.06349393e+09  -2.38196010e+08  1.00000000e-10
6.32000000e-08  0.00000000e+00  2.06180127e+09  -2.44711052e+08  1.00000000e-10
6.33000000e-08  0.00000000e+00  2.05961425e+09  -2.51119421e+08  1.00000000e-10
6.34000000e-08  0.00000000e+00  2.05693545e+09  -2.57410585e+08  1.00000000e-10
6.35000000e-08  0.00000000e+00  2.05376715e+09  -2.63574008e+08  1.00000000e-10
6.36000000e-08  0.00000000e+00  2.05011206e+09  -2.69599162e+08  1.00000000e-10
6.37000000e-08  0.00000000e+00  2.04597353e+09  -2.75475550e+08  1.00000000e-10
6.38000000e-08  0.00000000e+00  2.04135539e+09  -2.81192716e+08  1.00000000e-10
6.39000000e-08  0.00000000e+00  2.03626240e+09  -2.86739411e+08  1.00000000e-10
6.40000000e-08  0.00000000e+00  2.03070002e+09  -2.92104249e+08  1.00000000e-10
6.41000000e-08  0.00000000e+00  2.02467414e+09  -2.97275989e+08  1.00000000e-10
6.42000000e-08  0.00000000e+00  2.01819109e+09  -3.02243555e+08  1.00000000e-10
6.43000000e-08  0.00000000e+00  2.01239836e+09  -3.06996060e+08  1.00000000e-10
6.44000000e-08  0.00000000e+00  2.01224138e+09  -3.11522837e+08  1.00000000e-10
6.45000000e-08  0.00000000e+00  2.01176881e+09  -3.15813492e+08  1.00000000e-10
6.46000000e-08  0.00000000e+00  2.01097899e+09  -3.19857924e+08  1.00000000e-10
6.47000000e-08  0.00000000e+00  2.00987035e+09  -3.23646348e+08  1.00000000e-10
6.48000000e-08  0.00000000e+00  2.00844145e+09  -3.27169325e+08  1.00000000e-10
6.49000000e-08  0.00000000e+00  2.00669091e+09  -3.30417781e+08  1.00000000e-10
6.50000000e-08  0.00000000e+00  2.00461749e+09  -3.33383041e+08  1.00000000e-10
6.51000000e-08  0.00000000e+00  2.00222007e+09  -3.36056842e+08  1.00000000e-10
6.52000000e-08  0.00000000e+00  1.99949763e+09  -3.38431369e+08  1.00000000e-10
6.53000000e-08  0.00000000e+00  1.99644929e+09  -3.40499264e+08  1.00000000e-10
6.54000000e-08  0.00000000e+00  1.99307431e+09  -3.42253656e+08  1.00000000e-10
6.55000000e-08  0.00000000e+00  1.98937208e+09  -3.43688171e+08  1.00000000e-10
6.56000000e-08  0.00000000e+00  1.98534214e+09  -3.44796955e+08  1.00000000e-10
6.57000000e-08  0.00000000e+00  1.98098415e+09  -3.45574692e+08  1.00000000e-10
6.58000000e-08  0.00000000e+00  1.97629796e+09  -3.46016621e+08  1.00000000e-10
6.59000000e-08  0.00000000e+00  1.97128355e+09  -3.46118552e+08  1.00000000e-10
6.60000000e-08  0.00000000e+00  1.96593996e+09  -3.45876880e+08  1.00000000e-10
6.61000000e-08  0.00000000e+00  1.96026600e+09  -3.45288598e+08  1.00000000e-10
6.62000000e-08  0.00000000e+00  1.95426068e+09  -3.44351308e+08  1.00000000e-10
6.63000000e-08  0.00000000e+00  1.94792315e+09  -3.43063234e+08  1.00000000e-10
6.64000000e-08  0.00000000e+00  1.94125276e+09  -3.41423233e+08  1.00000000e-10
6.65000000e-08  0.00000000e+00  1.93424900e+09  -3.39430511e+08  1.00000000e-10
6.66000000e-08  0.00000000e+00  1.92691159e+09  -3.37082983e+08  1.00000000e-10
6.67000000e-08  0.00000000e+00  1.91924042e+09  -3.34378814e+08  1.00000000e-10
6.68000000e-08  0.00000000e+00  1.91123558e+09  -3.31316904e+08  1.00000000e-10
6.69000000e-08  0.00000000e+00  1.90289738e+09  -3.27896897e+08  1.00000000e-10
6.70000000e-08  0.00000000e+00  1.89422632e+09  -3.24119199e+08  1.00000000e-10
6.71000000e-08  0.00000000e+00  1.93307184e+09  -3.19984995e+08  1.00000000e-10
6.72000000e-08  0.00000000e+00  1.99563292e+09  -3.15494995e+08  1.00000000e-10
6.73000000e-08  0.00000000e+00  2.05654824e+09  -3.10649641e+08  1.00000000e-10
6.74000000e-08  0.00000000e+00  2.11576968e+09  -3.05450054e+08  1.00000000e-10
6.75000000e-08  0.00000000e+00  2.17325268e+09  -2.99900770e+08  1.00000000e-10
6.76000000e-08  0.00000000e+00  2.22895627e+09  -2.94007961e+08  1.00000000e-10
6.77000000e-08  0.00000000e+00  2.28284317e+09  -2.87778376e+08  1.00000000e-10
6.78000000e-08  0.00000000e+00  2.33487977e+09  -2.81219323e+08  1.00000000e-10
6.79000000e-08  0.00000000e+00  2.38503628e+09  -2.74338650e+08  1.00000000e-10
6.80000000e-08  0.00000000e+00  2.43328667e+09  -2.67144729e+08  1.00000000e-10
6.81000000e-08  0.00000000e+00  2.47960877e+09  -2.61039383e+08  1.00000000e-10
6.82000000e-08  0.00000000e+00  2.52398430e+09  -2.62794792e+08  1.00000000e-10
6.83000000e-08  0.00000000e+00  2.56639886e+09  -2.64401121e+08  1.00000000e-10
6.84000000e-08  0.00000000e+00  2.60684193e+09  -2.65855438e+08  1.00000000e-10
6.85000000e-08  0.00000000e+00  2.64530676e+09  -2.67155112e+08  1.00000000e-10
6.86000000e-08  0.00000000e+00  2.68179022e+09  -2.68297823e+08  1.00000000e-10
6.87000000e-08  0.00000000e+00  2.71629282e+09  -2.69281574e+08  1.00000000e-10
6.88000000e-08  0.00000000e+00  2.74881858e+09  -2.70104704e+08  1.00000000e-10
6.89000000e-08  0.00000000e+00  2.77937497e+09  -2.70765899e+08  1.00000000e-10
6.90000000e-08  0.00000000e+00  2.80797281e+09  -2.71264201e+08  1.00000000e-10
6.91000000e-08  0.00000000e+00  2.83462618e+09  -2.71599018e+08  1.00000000e-10
6.92000000e-08  0.00000000e+00  2.85935231e+09  -2.71770131e+08  1.00000000e-10
6.93000000e-08  0.00000000e+00  2.88217147e+09  -2.71777397e+08  1.00000000e-10
6.94000000e-08  0.00000000e+00  2.90310686e+09  -2.71620385e+08  1.00000000e-10
6.95000000e-08  0.00000000e+00  2.92218447e+09  -2.71299019e+08  1.00000000e-10
6.96000000e-08  0.00000000e+00  2.93943296e+09  -2.70813583e+08  1.00000000e-10
6.97000000e-08  0.00000000e+00  2.95488354e+09  -2.70164732e+08  1.00000000e-10
6.98000000e-08  0.00000000e+00  2.96857766e+09  -2.69353495e+08  1.00000000e-10
6.99000000e-08  0.00000000e+00  2.98056677e+09  -2.68381285e+08  1.00000000e-10
7.00000000e-08  0.00000000e+00  2.99090371e+09  -2.67249900e+08  1.00000000e-10
7.01000000e-08  0.00000000e+00  2.99964262e+09  -2.65961530e+08  1.00000000e-10
7.02000000e-08  0.00000000e+00  3.00683864e+09  -2.64520540e+08  1.00000000e-10
7.03000000e-08  0.00000000e+00  3.01254786e+09  -2.62931781e+08  1.00000000e-10
7.04000000e-08  0.00000000e+00  3.01682606e+09  -2.66292575e+08  1.00000000e-10
7.05000000e-08  0.00000000e+00  3.01972958e+09  -2.70560310e+08  1.00000000e-10
7.06000000e-08  0.00000000e+00  3.02131517e+09  -2.74755434e+08  1.00000000e-10
7.07000000e-08  0.00000000e+00  3.02163981e+09  -2.78872547e+08  1.00000000e-10
7.08000000e-08  0.00000000e+00  3.02076066e+09  -2.82906327e+08  1.00000000e-10
7.09000000e-08  0.00000000e+00  3.01873246e+09  -2.86851385e+08  1.00000000e-10
7.10000000e-08  0.00000000e+00  3.01560052e+09  -2.90702526e+08  1.00000000e-10
7.11000000e-08  0.00000000e+00  3.01141075e+09  -2.94455489e+08  1.00000000e-10
7.12000000e-08  0.00000000e+00  3.00620959e+09  -2.98106108e+08  1.00000000e-10
7.13000000e-08  0.00000000e+00  3.00004391e+09  -3.01650328e+08  1.00000000e-10
7.14000000e-08  0.00000000e+00  2.99296090e+09  -3.05084207e+08  1.00000000e-10
7.15000000e-08  0.00000000e+00  2.98500794e+09  -3.08403929e+08  1.00000000e-10
7.16000000e-08  0.00000000e+00  2.97623251e+09  -3.11605803e+08  1.00000000e-10
7.17000000e-08  0.00000000e+00  2.96668210e+09  -3.14686277e+08  1.00000000e-10
7.18000000e-08  0.00000000e+00  2.95640413e+09  -3.17641943e+08  1.00000000e-10
7.19000000e-08  0.00000000e+00  2.94544583e+09  -3.20469536e+08  1.00000000e-10
7.20000000e-08  0.00000000e+00  2.93385419e+09  -3.23165940e+08  1.00000000e-10
7.21000000e-08  0.00000000e+00  2.92167587e+09  -3.25728192e+08  1.00000000e-10
7.22000000e-08  0.00000000e+00  2.90895712e+09  -3.28153481e+08  1.00000000e-10
7.23000000e-08  0.00000000e+00  2.89574373e+09  -3.30439160e+08  1.00000000e-10
7.24000000e-08  0.00000000e+00  2.88208098e+09  -3.32582746e+08  1.00000000e-10
7.25000000e-08  0.00000000e+00  2.86801354e+09  -3.34581920e+08  1.00000000e-10
7.26000000e-08  0.00000000e+00  2.85358548e+09  -3.36434529e+08  1.00000000e-10
7.27000000e-08  0.00000000e+00  2.83884018e+09  -3.38138591e+08  1.00000000e-10
7.28000000e-08  0.00000000e+00  2.82382030e+09  -3.39692289e+08  1.00000000e-10
7.29000000e-08  0.00000000e+00  2.80856777e+09  -3.41093982e+08  1.00000000e-10
7.30000000e-08  0.00000000e+00  2.79312369e+09  -3.42341946e+08  1.00000000e-10
7.31000000e-08  0.00000000e+00  2.77752834e+09  -3.43434605e+08  1.00000000e-10
7.32000000e-08  0.00000000e+00  2.76182120e+09  -3.44370543e+08  1.00000000e-10
7.33000000e-08  0.00000000e+00  2.74604095e+09  -3.45148506e+08  1.00000000e-10
7.34000000e-08  0.00000000e+00  2.73022549e+09  -3.45767403e+08  1.00000000e-10
7.35000000e-08  0.00000000e+00  2.71441184e+09  -3.46226305e+08  1.00000000e-10
7.36000000e-08  0.00000000e+00  2.69863622e+09  -3.46524454e+08  1.00000000e-10
7.37000000e-08  0.00000000e+00  2.68293395e+09  -3.46661253e+08  1.00000000e-10
7.38000000e-08  0.00000000e+00  2.66733950e+09  -3.46636275e+08  1.00000000e-10
7.39000000e-08  0.00000000e+00  2.65188643e+09  -3.46449044e+08  1.00000000e-10
7.40000000e-08  0.00000000e+00  2.63660285e+09  -3.46098712e+08  1.00000000e-10
7.41000000e-08  0.00000000e+00  2.62151498e+09  -3.45584612e+08  1.00000000e-10
7.42000000e-08  0.00000000e+00  2.60664827e+09  -3.44906251e+08  1.00000000e-10
7.43000000e-08  0.00000000e+00  2.59202738e+09  -3.44063320e+08  1.00000000e-10
7.44000000e-08  0.00000000e+00  2.57767624e+09  -3.43055687e+08  1.00000000e-10
7.45000000e-08  0.00000000e+00  2.56361804e+09  -3.41883403e+08  1.00000000e-10
7.46000000e-08  0.00000000e+00  2.54987524e+09  -3.40546703e+08  1.00000000e-10
7.47000000e-08  0.00000000e+00  2.53646960e+09  -3.39046001e+08  1.00000000e-10
7.48000000e-08  0.00000000e+00  2.52342217e+09  -3.37381892e+08  1.00000000e-10
7.49000000e-08  0.00000000e+00  2.51075331e+09  -3.35555152e+08  1.00000000e-10
7.50000000e-08  0.00000000e+00  2.49848272e+09  -3.33566736e+08  1.00000000e-10
7.51000000e-08  0.00000000e+00  2.48662914e+09  -3.31418304e+08  1.00000000e-10
7.52000000e-08  0.00000000e+00  2.47521046e+09  -3.29112793e+08  1.00000000e-10
7.53000000e-08  0.00000000e+00  2.46424392e+09  -3.26653253e+08  1.00000000e-10
7.54000000e-08  0.00000000e+00  2.45374616e+09  -3.24042846e+08  1.00000000e-10
7.55000000e-08  0.00000000e+00  2.44372480e+09  -3.21284838e+08  1.00000000e-10
7.56000000e-08  0.00000000e+00  2.43418697e+09  -3.18382592e+08  1.00000000e-10
7.57000000e-08  0.00000000e+00  2.42513926e+09  -3.15339563e+08  1.00000000e-10
7.58000000e-08  0.00000000e+00  2.41658771e+09  -3.12159286e+08  1.00000000e-10
7.59000000e-08  0.00000000e+00  2.40853787e+09  -3.08845372e+08  1.00000000e-10
7.60000000e-08  0.00000000e+00  2.40099481e+09  -3.05401500e+08  1.00000000e-10
7.61000000e-08  0.00000000e+00  2.39396313e+09  -3.01831409e+08  1.00000000e-10
7.62000000e-08  0.00000000e+00  2.38744699e+09  -2.98138889e+08  1.00000000e-10
7.63000000e-08  0.00000000e+00  2.38145013e+09  -2.94327777e+08  1.00000000e-10
7.64000000e-08  0.00000000e+00  2.37597591e+09  -2.90401946e+08  1.00000000e-10
7.65000000e-08  0.00000000e+00  2.37102730e+09  -2.86365298e+08  1.00000000e-10
7.66000000e-08  0.00000000e+00  2.36660692e+09  -2.82221760e+08  1.00000000e-10
7.67000000e-08  0.00000000e+00  2.36271699e+09  -2.77975270e+08  1.00000000e-10
7.68000000e-08  0.00000000e+00  2.35935944e+09  -2.73629775e+08  1.00000000e-10
7.69000000e-08  0.00000000e+00  2.35653582e+09  -2.69189223e+08  1.00000000e-10
7.70000000e-08  0.00000000e+00  2.35424737e+09  -2.69678934e+08  1.00000000e-10
7.71000000e-08  0.00000000e+00  2.35249498e+09  -2.70556115e+08  1.00000000e-10
7.72000000e-08  0.00000000e+00  2.35127926e+09  -2.71377984e+08  1.00000000e-10
7.73000000e-08  0.00000000e+00  2.35060045e+09  -2.72146089e+08  1.00000000e-10
7.74000000e-08  0.00000000e+00  2.35045852e+09  -2.72862089e+08  1.00000000e-10
7.75000000e-08  0.00000000e+00  2.35085310e+09  -2.73527742e+08  1.00000000e-10
7.76000000e-08  0.00000000e+00  2.35178349e+09  -2.74144903e+08  1.00000000e-10
7.77000000e-08  0.00000000e+00  2.35324870e+09  -2.74715521e+08  1.00000000e-10
7.78000000e-08  0.00000000e+00  2.35524741e+09  -2.75241628e+08  1.00000000e-10
7.79000000e-08  0.00000000e+00  2.35777889e+09  -2.75725330e+08  1.00000000e-10
7.80000000e-08  0.00000000e+00  2.36084233e+09  -2.76168802e+08  1.00000000e-10
7.81000000e-08  0.00000000e+00  2.36443654e+09  -2.76574280e+08  1.00000000e-10
7.82000000e-08  0.00000000e+00  2.36855991e+09  -2.76944057e+08  1.00000000e-10
7.83000000e-08  0.00000000e+00  2.37321047e+09  -2.77280473e+08  1.00000000e-10
7.84000000e-08  0.00000000e+00  2.37838582e+09  -2.77585910e+08  1.00000000e-10
7.85000000e-08  0.00000000e+00  2.38408320e+09  -2.77862784e+08  1.00000000e-10
7.86000000e-08  0.00000000e+00  2.39029939e+09  -2.78113538e+08  1.00000000e-10
7.87000000e-08  0.00000000e+00  2.39703079e+09  -2.78340636e+08  1.00000000e-10
7.88000000e-08  0.00000000e+00  2.40427335e+09  -2.78546553e+08  1.00000000e-10
7.89000000e-08  0.00000000e+00  2.41202261e+09  -2.78733770e+08  1.00000000e-10
7.90000000e-08  0.00000000e+00  2.42027368e+09  -2.78904764e+08  1.00000000e-10
7.91000000e-08  0.00000000e+00  2.42902123e+09  -2.79062004e+08  1.00000000e-10
7.92000000e-08  0.00000000e+00  2.43825948e+09  -2.79803478e+08  1.00000000e-10
7.93000000e-08  0.00000000e+00  2.44798223e+09  -2.81690250e+08  1.00000000e-10
7.94000000e-08  0.00000000e+00  2.45818285e+09  -2.83495439e+08  1.00000000e-10
7.95000000e-08  0.00000000e+00  2.46885427e+09  -2.85217850e+08  1.00000000e-10
7.96000000e-08  0.00000000e+00  2.47998896e+09  -2.86856356e+08  1.00000000e-10
7.97000000e-08  0.00000000e+00  2.49157897e+09  -2.88409901e+08  1.00000000e-10
7.98000000e-08  0.00000000e+00  2.50361594e+09  -2.89877494e+08  1.00000000e-10
7.99000000e-08  0.00000000e+00  2.51609114e+09  -2.91258215e+08  1.00000000e-10
8.00000000e-08  0.00000000e+00  2.52899550e+09  -2.92551211e+08  1.00000000e-10
